Date P RH SR TM TX
2013-09-03 0.4 76.36 603.66 22.8184933259709 32.9737998936893
2013-09-04 0 86.14 492.61 22.1502585448555 34.0570441596094
2013-09-05 20.5 89.4 478.49 23.1309780429975 33.9881064863209
2013-09-06 0.7 90.14 390.46 24.3015794933913 34.7738020291431
2013-09-07 8.1 85.76 560.86 24.2313060794461 35.0253226174688
2013-09-08 41.8 89.16 428.35 23.3256429540669 34.3183382411339
2013-09-09 73.5 85.81 528.74 24.6589518811948 34.3413294792692
2013-09-10 22 91.07 492.49 24.0456153588638 32.3821485327509
2013-09-11 92 91.33 573.55 22.9790315728542 33.3189913914425
2013-09-12 4.9 96.48 281.16 21.4842254476255 33.5976617484335
2013-09-13 2.4 96.4 186.04 23.9495752368187 33.4017116420546
2013-09-14 0.9 94.07 182.79 22.0563925880381 33.1134158854517
2013-09-15 0 86.66 389.05 21.762017966728 34.4803135522596
2013-09-16 0 87.36 489.75 21.7097660265598 36.2376381005279
2013-09-17 0.1 90.38 380.23 21.5528989918002 33.8599708266459
2013-09-18 21.8 88.96 546.36 22.1383032496982 32.3257420285105
2013-09-19 34.3 92.34 514.45 21.6546850917066 32.247264125564
2013-09-20 0.1 93.83 288.39 22.859459040764 33.5840899195164
2013-09-21 0 85.89 471.98 22.9490417326216 33.8990417326216
2013-09-22 4.6 89.5 435.11 22.2484072744592 33.7655452318942
2013-09-23 1 87.54 485.75 23.3153687180042 33.177388600566
2013-09-24 21 89.72 420.06 21.907235519072 33.1433032404082
2013-09-25 18.7 91.16 537.45 22.6774364257904 33.3128182955106
2013-09-26 0 90.24 466.22 23.0174005084053 32.8389884123758
2013-09-27 0 80.8 633.7 23.6309870187899 31.8863873515731
2013-09-28 0 83.3 634.64 22.5490558416111 32.2054033138187
2013-09-29 0 83.62 586.21 21.9482338224393 30.8654617616214
2013-09-30 3.5 80.74 577.53 22.2718983855371 29.1756625747141
2013-10-01 0 80.67 601.67 24.4912942622998 30.9849614219663
2013-10-02 48.9 88.75 457.99 24.1509258269921 32.2559663972816
2013-10-03 29.7 86.59 542.54 22.3083859885718 32.2879811530815
2013-10-04 0.2 89.21 542.49 22.152074479067 31.0538625513448
2013-10-05 0 84.09 617.18 22.6384298283215 30.7644218334
2013-10-06 4.2 81.96 631.26 23.4011758013037 31.0434526313169
2013-10-07 22.7 92.18 444.4 22.6219956261032 31.8521232246968
2013-10-08 171 97.06 323.78 22.344013061128 32.1296541177696
2013-10-09 2 96.25 264.23 20.9890692460657 33.6900744130955
2013-10-10 2.8 88.72 494.35 22.3469508436817 31.6644247001428
2013-10-11 0 84.69 612.74 20.9695035876304 30.2633365170444
2013-10-12 0 83.77 608.96 23.1146344041455 30.6390857012608
2013-10-13 0 83.23 605.2 24.4832256936836 30.6322205266538
2013-10-14 41.1 88.81 577.27 23.6660126055369 31.3331146282323
2013-10-15 0 85.04 570.95 20.2657247815674 31.2256657799957
2013-10-16 0 82.85 611.36 21.9380067842556 27.7374981854708
2013-10-17 0 86.69 531.17 21.2980722817946 30.8009668890477
2013-10-18 0 84.99 586.09 22.7839729564409 28.7255324462045
2013-10-19 115.7 86.25 531.56 22.0582455511006 31.8972299711916
2013-10-20 68.5 91.52 535.92 21.3087388461289 31.0749569988809
2013-10-21 10 88.86 557.69 22.2770500310268 32.0792976813509
2013-10-22 4.3 90.86 445.09 23.5136765370351 30.2423293695684
2013-10-23 32.9 96.03 333.92 22.8804915588664 33.5804915588664
2013-10-24 53.6 94.99 406.98 21.4949162398019 31.3287360229829
2013-10-25 52.1 95.6 310 19.5148522503398 30.676427419799
2013-10-26 17.8 98.8 227.21 21.7648787084097 30.5293137310739
2013-10-27 0.6 100 383.417936333333 23.9050052072053 31.7227254951215
2013-10-28 46.7 94.58 447.36 23.6421862617014 30.966731056524
2013-10-29 15.8 97.44 349.19 23.5842683761952 32.1440912842614
2013-10-30 0.1 89.39 550.73 21.6449983751719 31.7870751187714
2013-10-31 0 86.47 571.43 21.0587752638701 31.0890673086512
2013-11-01 0 85.98 559.15 19.4656488924506 30.9322478472333
2013-11-02 71.5 96.15 302.04 19.6640445240616 28.7690800376347
2013-11-03 40.7 97.77 206.52 21.1774256920622 31.5547949511613
2013-11-04 0 86.62 488.25 22.7849895780392 31.730759745842
2013-11-05 0 85.1 527.41 21.0515109583196 32.1842469565949
2013-11-06 0 86.65 486.85 20.4685055274711 32.2876452381316
2013-11-07 16.7 94.67 289.18 20.1906795865315 34.505093150984
2013-11-08 79 95.94 500.78 19.7391871225331 30.8225465859958
2013-11-09 0.8 90.89 415.96 21.6958603872051 32.5932578472759
2013-11-10 92.4 98.54 237.62 22.0493125479204 30.5702478013878
2013-11-11 5.7 97.23 322.72 22.1217921019515 30.6123851640444
2013-11-12 5.3 93.86 326.81 21.1314675182562 30.9206632257966
2013-11-13 111.1 99.31 302.09 20.067295736098 31.0053104303046
2013-11-14 41.6 93.44 274.28 20.5580175753007 30.3961490532432
2013-11-15 0 93.3 313.1 19.1615463996755 29.2615463996755
2013-11-16 0 89.22 428.57 20.8190455216294 28.7291057428031
2013-11-17 0 86.25 510.05 20.9137707989315 32.1150716423862
2013-11-18 0 83.92 562.61 20.6031972155914 31.8968021574218
2013-11-19 0 85.39 516.69 19.5804943354569 31.0218681183641
2013-11-20 0 88.31 464.39 22.471370625561 32.5505714765253
2013-11-21 0 84.2 552.13 22.3039984521432 29.6398223006038
2013-11-22 0 85.93 543.53 22.0499418990853 29.1484609489681
2013-11-23 0 89.86 380.95 22.165886609183 30.8560968417135
2013-11-24 69.7 100 184.13 21.3228126538241 29.9382891364592
2013-11-25 1.6 96.32 278.8 19.9494841395485 28.9236089900728
2013-11-26 15.7 96.11 208.27 19.2124245564858 30.9369648212873
2013-11-27 18.6 96.2 205.95 19.8626493694618 30.8039899025383
2013-11-28 0.6 93.69 182.1 20.0148915884854 32.4624191159787
2013-11-29 1.8 88.96 242.27 19.0115975207583 30.2773980685327
2013-11-30 0 84.58 457.2 20.559378366536 27.3413568189917
2013-12-01 0 88.07 389.44 17.7305722760838 28.5280499173491
2013-12-02 0 87.32 400.92 21.5368934338707 28.8953467491806
2013-12-03 0 85.41 537.18 22.5919689108676 31.0109670397951
2013-12-04 0 84.94 524.79 21.982070723849 33.6317281575462
2013-12-05 0 85.94 520.21 20.9029682093202 31.9649909671746
2013-12-06 0 85.17 482.51 21.3594129309989 31.4335730082056
2013-12-07 25.3 90.35 363.1 19.7948592531785 30.8365438914231
2013-12-08 0 92.07 403.59 21.18364436261 32.1182982513174
2013-12-09 0 89.88 457.02 20.15218562763 32.3003384232779
2013-12-10 2.1 88.73 437.81 21.5238911258535 32.0485528014499
2013-12-11 0 90.81 314.73 19.9510406042887 31.9718041812984
2013-12-12 56.8 98.08 234.8 21.4816246538595 32.6999277861488
2013-12-13 35.9 95.34 310.96 21.4147473275074 31.3647473275074
2013-12-14 0.4 92.05 408.71 21.4027163830104 32.5737317261891
2013-12-15 135.1 95.94 282.45 20.2466941906984 33.7200922389469
2013-12-16 65.7 100 74.79 18.5079924724515 31.8905422483567
2013-12-17 11.5 100 98.54 17.0974721913314 29.4943147815671
2013-12-18 10.8 100 94.82 19.2212756542126 26.4042507705902
2013-12-19 0 92.91 355.29 16.5455213457163 24.3185462426992
2013-12-20 0 87.25 469.73 19.0399351147379 21.7126163015838
2013-12-21 0 83.79 516.03 20.2141968701631 25.3867683950533
2013-12-22 0 83.76 508.3 21.5245535979088 21.1423846217844
2013-12-23 20.7 96.66 230.15 15.2556728817364 27.2616522916363
2013-12-24 6.5 95.33 322.62 16.16304019729 29.5198243557537
2013-12-25 0.5 93.8 343.69 20.2525034837695 30.0297949495444
2013-12-26 0 93.15 278.66 19.1740606518559 29.4643592107696
2013-12-27 2.7 94.88 205.51 15.2381444835042 26.2710987697163
2013-12-28 0 93.42 317.2 16.2868514441186 18.1138265471356
2013-12-29 0 91.74 344.65 21.0981208641339 27.2932707011635
2013-12-30 0.1 88.97 462.85 18.4974255494987 27.5419443216724
2013-12-31 58.1 95.49 220.53 16.2824060938716 27.6407767010458
2014-01-01 0.1 91.65 254.2 17.5226930197118 31.552468344418
2014-01-02 0 92.81 390.23 16.9501634244187 26.399511428937
2014-01-03 13.1 99.51 116.88 18.7231576344274 27.6535050193833
2014-01-04 0.4 94.9 226.18 19.0189473983145 24.7640119453713
2014-01-05 0.1 87.66 485.46 17.1596120308557 27.3356110604033
2014-01-06 22.3 98.27 179.36 18.1687848434001 23.6068830310895
2014-01-07 8 95.59 112.7 18.2914599865768 28.2997270026508
2014-01-08 0 84.93 467.25 19.7210316378477 30.0349585499117
2014-01-09 1 90.59 269.34 17.8253561240656 29.5872027299162
2014-01-10 0.2 95.23 283 14.4680580079459 29.2313317861993
2014-01-11 0.1 89.83 519 17.2746782087178 30.7934396165817
2014-01-12 0.4 90.68 388.78 17.990661147814 31.1380030247481
2014-01-13 0 91.81 453.69 19.0582447812948 30.3297823940399
2014-01-14 12.8 92 407.09 15.7388242979997 19.9515685919946
2014-01-15 142.7 100 81.62 16.6112172838382 29.3392177856755
2014-01-16 0.4 84.66 376.11 15.5432075420716 27.3423420313163
2014-01-17 0 84.88 364.37 21.2588740536428 31.2829068637043
2014-01-18 0 86.64 322.42 20.4652207447065 31.7070079091501
2014-01-19 0 84.65 386.48 17.8589520651822 27.1691663185322
2014-01-20 2.1 90.07 443.77 16.7444292860113 27.3280030167737
2014-01-21 0 91.09 389.54 16.4149960209953 30.6361668968751
2014-01-22 4.3 93 281.47 18.0010586969173 34.0011556203304
2014-01-23 0.1 85.41 538.99 22.5738484998475 32.2507199161753
2014-01-24 0 94.34 251.99 21.654099579829 32.1386684838943
2014-01-25 2.7 95.49 207.47 21.1497960341419 31.3186175925518
2014-01-26 0 89.39 307.33 20.188205925377 29.5708028474621
2014-01-27 0 84.4 574.7 18.8976514053958 28.3179480228709
2014-01-28 0.2 91.01 403.71 18.4228367194519 30.5963842332582
2014-01-29 9 94.29 113.25 19.8306137582448 31.2976057057745
2014-01-30 0.1 86.81 378.5 21.0280843214506 29.5229525080743
2014-01-31 0 92.9 284.84 19.8992444479317 29.9788663320581
2014-02-01 0.1 82.71 549.16 15.8250360396009 28.2817733843853
2014-02-02 0 79.46 560.47 15.457719022847 28.8593117279655
2014-02-03 0 86.12 511.12 18.4029054466565 31.2524001176903
2014-02-04 0 82.31 547.36 21.3116716464994 29.8116716464994
2014-02-05 0 88.27 463.3 21.7689515463303 31.4689515463303
2014-02-06 0.2 91 371.39 16.848727649982 30.3251403882916
2014-02-07 0.1 94.47 214.28 17.5459620734255 29.9783124908334
2014-02-08 9.8 93.42 361.31 18.9204537586997 31.2335424535996
2014-02-09 14.7 95.51 331.75 20.2936426262911 32.740695582295
2014-02-10 1.1 86.45 563.48 18.6525842266204 30.8528990168132
2014-02-11 0 82.93 590.38 18.196395665729 24.3822271168642
2014-02-12 2 92.94 342.53 19.3750209022169 20.2160054180158
2014-02-13 21.7 99.49 136.84 17.7594331321533 19.6900840332389
2014-02-14 0.2 87.29 592.57 21.8953851204357 30.303541458371
2014-02-15 0.1 91.28 440.7 19.8154125580856 32.602622275302
2014-02-16 0 83.45 568.96 20.4195067461738 28.3337509574135
2014-02-17 0 79.32 621.68 20.1129080469273 29.1568311703647
2014-02-18 0 80.31 558.23 13.8703670709571 31.2729067982767
2014-02-19 0 79.4 612.98 15.1806780121587 29.2552641792139
2014-02-20 0 78.53 620.55 19.1757059850059 23.3968015876767
2014-02-21 0 81.34 562.77 16.53164129673 23.1680047481914
2014-02-22 0 85.18 480.58 21.2262292364125 24.5469545608901
2014-02-23 0 79.55 605.33 17.7493068605307 25.006020986884
2014-02-24 0 78.75 534.99 20.4350627793432 30.2040481927118
2014-02-25 0 76.61 634.1 21.9303317507203 29.0730436539606
2014-02-26 0 80.05 610.56 20.491669103431 26.4188729539422
2014-02-27 0 87.74 413.88 18.1126671224778 25.943569219134
2014-02-28 0 85.72 470.39 18.0202612029471 31.8996209852528
2014-03-01 0 78.9 602.92 21.081543519749 34.3897301282045
2014-03-02 0 68.79 651.07 20.4922864004034 30.7583617510359
2014-03-03 0 74.04 623.07 22.054605257111 30.1515291690698
2014-03-04 0 84.92 503.04 21.1124468308189 32.1294313522499
2014-03-05 1.7 85.41 471.63 16.2042855677655 30.6557778244155
2014-03-06 40.8 94.82 336.93 19.1725480208851 27.2023549267656
2014-03-07 28.2 92.43 357.53 16.2586815986533 29.9701958851564
2014-03-08 0 83.86 600.86 22.596973457511 32.8775088514203
2014-03-09 6.9 79.91 629.66 22.0586074551393 33.1980271618613
2014-03-10 11.3 88.51 490.65 18.3879243114697 25.4162623771093
2014-03-11 0 87.09 482.18 19.7735625591754 30.7566975369794
2014-03-12 1.2 87.77 467.17 17.7383178221072 30.4091288153547
2014-03-13 8.8 94.68 145.22 20.596831592029 28.6226780809258
2014-03-14 0 84.85 492.17 20.2685043664844 31.3410669564126
2014-03-15 0 77.1 631.63 20.7031654545052 27.3916634758629
2014-03-16 0 75.97 636.65 22.1057095164705 27.2162489126121
2014-03-17 4.4 93.88 120.71 17.6838803018116 26.3395652252681
2014-03-18 0 78.26 618.31 20.4809981389635 31.1866759283869
2014-03-19 0 77.98 635.58 21.2418274868354 28.044674237232
2014-03-20 0 79.19 601.45 21.9343392928326 26.261443937527
2014-03-21 0 77.95 600.78 19.4629542213495 31.0614819572251
2014-03-22 0 71.8 654.94 22.7157242242822 29.4965057531518
2014-03-23 0 72.36 656.87 22.2255956027841 33.7858105554343
2014-03-24 0 75.26 644.35 21.1560700688989 33.0185028815334
2014-03-25 0 86.15 416.29 22.9257318633118 33.8307841200199
2014-03-26 0 80.42 528.98 21.5827611480991 33.1846547705243
2014-03-27 0 67.54 648.7 23.2120662701536 32.6632167315627
2014-03-28 0 68.08 643.47 24.8556033014681 33.0735143209791
2014-03-29 0 73.23 627.41 22.9597692198795 34.4880442560544
2014-03-30 0 84.47 537.55 21.4771091823134 35.0045465923852
2014-03-31 0 72.44 640.81 26.8020284312851 35.4300424636636
2014-04-01 0 66.34 662.87 23.3137094524856 34.4695832943741
2014-04-02 0 66.29 662.16 23.9870893744699 33.6340532655972
2014-04-03 0 67.71 634.06 19.4781464791605 35.9617940792971
2014-04-04 0 71.1 631.95 20.0821028692876 37.7624044687684
2014-04-05 0 79.17 617.63 23.0313499389911 34.9558382833489
2014-04-06 0 70.67 619.26 20.6573074364275 36.1336522338188
2014-04-07 0 68.48 581.61 21.0110894533158 35.0018692928873
2014-04-08 41.1 90.49 102.78 22.2671218666009 35.2607361333751
2014-04-09 0 69.6 598.78 24.097720635383 36.4290696266297
2014-04-10 0 73.57 640.23 23.9729806572216 32.7318385154188
2014-04-11 0 74.86 526.85 22.5636622997956 30.9877914777295
2014-04-12 0 77.08 520.84 21.0359124153078 32.7043564013457
2014-04-13 0 67.17 669.43 23.8771234237401 36.1771234237401
2014-04-14 0 66.06 636.49 23.648652028952 36.0105111165287
2014-04-15 171.1 86.6 484.47 26.6893672432976 33.8621890147723
2014-04-16 6.6 90.35 295.19 24.2536873330774 31.6322204662802
2014-04-17 0 79.45 648.54 23.7575018464523 30.3763115961469
2014-04-18 0 84.93 547.93 20.626374261284 33.8740257093661
2014-04-19 17.8 88.75 473.94 21.4529123052003 26.7253732696885
2014-04-20 0 80.74 633.17 21.0695743611726 34.7589505015293
2014-04-21 0 79.39 651.97 24.4575705866431 36.890633760164
2014-04-22 0 85.6 478.45 22.4517903312217 35.9414414739967
2014-04-23 0 84.18 508.23 22.5131280465534 35.6810527167912
2014-04-24 0 78.54 612.84 23.287371707779 34.4801263339983
2014-04-25 0 74.02 592.28 21.9092118911113 31.1923882744495
2014-04-26 0 75.34 636.98 22.1740988939721 31.5220224783776
2014-04-27 0 73.68 580.96 22.9067648194234 33.8457297324288
2014-04-28 0 75.33 557.98 21.7429335112946 33.7288715567295
2014-04-29 0 75.5 444.67 20.6716739481927 34.0385357545113
2014-04-30 0.1 79.41 474.73 24.9913674360804 36.3536752595516
2014-05-01 0.1 89.71 298.98 19.9817698380457 36.1543537401448
2014-05-02 0 84.33 550.53 20.41215090639 35.2766931682389
2014-05-03 11.4 97.2 137.68 17.3403768267441 35.0635299505082
2014-05-04 0 85.38 396.94 23.0470643558648 35.2306466916233
2014-05-05 0 82.99 453.87 23.1086905865363 36.9940589600454
2014-05-06 0 80.56 611.18 23.092400084382 36.4338791760369
2014-05-07 0 75.94 635.23 24.1945188513032 35.564543415193
2014-05-08 0 80.94 448.65 22.2626175494497 36.7785266621341
2014-05-09 0 78.27 466.45 22.8362858702621 36.3301641920842
2014-05-10 0 84.6 433.11 23.9743752003916 34.951354947056
2014-05-11 0.4 84.85 407.05 23.4535789985602 35.2414260539098
2014-05-12 0 79.16 573.58 23.0984259842158 35.0524181559939
2014-05-13 0 77.04 534.01 21.0623403839763 36.2895973731041
2014-05-14 0 85.98 345.02 20.5849292017591 34.8596761851963
2014-05-15 9.8 96.04 195.22 20.580831623996 31.1430688881787
2014-05-16 4.7 92.19 289.45 20.1735019445368 26.1735019445368
2014-05-17 0 83.19 419.24 24.4973287104192 33.979195303164
2014-05-18 0 79.66 489.26 23.1720387720662 35.9057227506086
2014-05-19 0 84.89 513.03 24.3543401834009 35.2999407819579
2014-05-20 66.6 85.05 569.1 23.5927694154295 35.3461358437747
2014-05-21 13.2 88.45 545.73 22.5237137548535 37.6532578346758
2014-05-22 12.8 87.34 594.25 24.9443135467471 36.0337220849235
2014-05-23 0 84.5 605.82 23.016307458556 34.5920801230759
2014-05-24 0 79.38 657.35 23.4944013941601 35.9470347129095
2014-05-25 0 78 642.36 22.1386326024013 35.2044281937162
2014-05-26 0 75.44 643.71 25.2814111281045 34.6149514415805
2014-05-27 0 75.56 634.29 23.997185009608 32.4188513613301
2014-05-28 0 75.43 572.45 20.577416717302 34.2844431249582
2014-05-29 40.4 86.09 459.96 22.9184646934177 34.7652315608733
2014-05-30 0 88.51 365.44 20.1914621765562 35.1601209099817
2014-05-31 25.8 90.71 477.19 23.1442542877432 32.5867686004971
2014-06-01 4.8 90.92 424.42 22.768100053803 31.468100053803
2014-06-02 15.9 95.36 314.36 22.752089444509 32.3333440217154
2014-06-03 27.3 99.46 120.59 22.7113292596976 32.7685366821222
2014-06-04 53 99.53 144.19 24.4985007967497 33.4363199979189
2014-06-05 18.3 95.66 247.2 24.3100163719855 31.4828833824507
2014-06-06 48.2 93.36 325 23.3119099996124 30.130401116408
2014-06-07 7.4 91.44 379.81 22.0152685567708 31.2257856382167
2014-06-08 3.7 89.48 330.51 22.127784791501 31.7265260969655
2014-06-09 0 83.08 546.75 22.9757151706337 31.6796731527204
2014-06-10 0 84.5 483.3 23.801857260933 29.7373072260523
2014-06-11 17.8 84.93 527.07 23.57101070469 30.7775905915807
2014-06-12 0 81.79 597.05 23.1680808694881 33.231900214657
2014-06-13 0.1 81.91 535.75 22.2625514151008 32.2293253372441
2014-06-14 1 84.94 560.12 21.8531095257097 33.0763782228099
2014-06-15 0 81.34 650.39 23.0608305664631 33.7249836848815
2014-06-16 0 85.29 571.78 25.8873103565149 31.3796254988738
2014-06-17 0.2 85.44 588.49 22.8211571333541 35.5423408328709
2014-06-18 0 81.82 640.8 22.854887787257 37.139599393885
2014-06-19 0 81.29 643.21 23.0289030422621 35.7616565352163
2014-06-20 0 80.12 636.49 25.9481840638925 32.0710556393575
2014-06-21 0 77.58 634.1 23.582854901495 31.8252433230439
2014-06-22 1.3 79.15 611.46 23.775041005295 32.4741356032148
2014-06-23 0 80.06 592.01 21.5714248751137 33.7680074569232
2014-06-24 0 78.56 618.48 21.814655488087 33.1917905115325
2014-06-25 0 74.18 582.87 22.587175351874 34.1531784422014
2014-06-26 0 70.74 636.83 22.6005701012773 36.609380277448
2014-06-27 0 72 607.61 24.197147865217 35.8620278049629
2014-06-28 0 74.47 607.8 23.3213323622572 33.8650235236022
2014-06-29 1.6 75.8 467.89 23.0982371340746 33.4750069650274
2014-06-30 1.5 86.32 433.85 24.5340546703033 34.126140136638
2014-07-01 0.1 83.09 386.09 23.4144132075194 34.6691448175932
2014-07-02 0 79.53 458.18 22.1783088033734 36.3305806817535
2014-07-03 36.4 86.76 519.54 23.1897292298406 34.5482652592945
2014-07-04 29.9 96.15 263.35 22.8933055523406 34.2565400551776
2014-07-05 24 84.71 586.27 21.5445948984276 33.9487589658234
2014-07-06 0.9 90.03 440.43 21.5667483509372 33.1133306290635
2014-07-07 0 79.94 637.56 22.9459170379479 33.0783294511491
2014-07-08 0.5 79.88 535.33 22.4623928308214 32.7042842751549
2014-07-09 0 79.32 637.95 22.1380329049528 33.8752628493031
2014-07-10 0 70.5 639.11 22.6010281304948 33.7471466404965
2014-07-11 23.3 80.96 629.16 22.5902440291826 33.5312215038589
2014-07-12 0.4 86.17 625.58 21.6604163378298 33.230585366472
2014-07-13 23.4 88.53 636.04 23.3626257185207 34.2436563860878
2014-07-14 5.5 93.2 439.43 22.4649495216632 34.5565648881277
2014-07-15 0.2 84.95 579.86 22.4924880568812 34.0587902717713
2014-07-16 0 79.54 556.89 21.9363631924622 32.7997550258301
2014-07-17 0 78.2 648.32 22.0410085889717 32.6132771104895
2014-07-18 0 76.01 663.51 22.5135342581264 32.2537459050735
2014-07-19 0 73.6 615.97 23.0383261683225 33.0015668358974
2014-07-20 0 76.48 626.19 23.5815832350373 33.4190604868063
2014-07-21 0 76.95 664.12 22.6829609191546 33.8941375421712
2014-07-22 0.6 76.89 649.45 22.9855274622512 33.9335802304084
2014-07-23 0.2 83.55 497.81 22.473872822316 33.236223182286
2014-07-24 0 77.53 651.2 23.4685860081666 33.6696153230618
2014-07-25 0.1 82.96 629.68 23.4437485548708 33.3777064670987
2014-07-26 2.1 83.38 538.49 23.6842717672839 34.539720826224
2014-07-27 0 79.16 621.36 22.1673255681933 34.5758296364167
2014-07-28 17.6 83.04 482.66 23.1578011952101 34.2461132684026
2014-07-29 5.8 86.62 619.29 23.2107082584617 33.6413901442636
2014-07-30 0.2 78.44 606.68 23.8048430429942 33.4603871603527
2014-07-31 0 73.03 639.27 22.8668650898807 33.405814107314
2014-08-01 0 73.74 649.99 23.0364502194793 32.6688986041748
2014-08-02 0 74.57 637.86 23.1437073943205 34.6915424976816
2014-08-03 11.4 74.89 643.14 24.0567722587883 34.5152336353861
2014-08-04 0 81.02 635.78 23.3585610809525 33.4793354790382
2014-08-05 0 81.04 447.39 23.6986958315322 34.3590735053346
2014-08-06 0 82.1 555.87 23.4524917521137 34.160882896499
2014-08-07 0 73.32 665.13 29.6 29.6
2014-08-08 0 71.6 655.87 22.6626115398657 32.2497014080065
2014-08-09 3.9 75.27 646.42 22.7279733235037 34.3615375134938
2014-08-10 0.1 87.03 571.87 23.1020489311307 34.2234794630398
2014-08-11 5 82.62 613.67 23.5517475288983 34.1507507165267
2014-08-12 29 89.99 485.72 24.4031448264483 34.1429938619504
2014-08-13 0.4 83.14 578.69 23.8410659204267 32.4648256573672
2014-08-14 0 79.34 667.72 23.5137609479725 28.6337181095287
2014-08-15 0 78.2 621.19 23.528256780232 32.1344760096905
2014-08-16 0 78.42 588.81 22.5266092581675 33.0733090015612
2014-08-17 0 80.84 462.29 23.2158466490435 34.68267663966
2014-08-18 0 72.92 656.07 26.2121044974557 33.5464437776019
2014-08-19 0 74.92 562.64 24.2464671954989 33.3484389360448
2014-08-20 0 68.76 600.19 23.9921686326796 34.6053759422684
2014-08-21 0.4 73.19 631.89 24.079190852369 34.2852012915883
2014-08-22 0 79.71 610.65 23.2710693202502 34.4691385931181
2014-08-23 0 75.3 633.45 22.6603143914113 34.5127934946367
2014-08-24 0 74.96 574.79 22.296969885213 34.3482079594035
2014-08-25 0.1 80.76 550.94 22.5450460659597 34.5563088277132
2014-08-26 0 78.21 607.33 23.6871710285146 34.4607545443617
2014-08-27 0 87.33 320.2 23.0008932968413 34.1460369630677
2014-08-28 20.2 87.22 442.14 22.7916274815956 34.631331008928
2014-08-29 3.5 84.11 586.03 23.3636136549751 33.6478163767743
2014-08-30 2 82.75 596.38 22.3915982100823 33.759565103835
2014-08-31 42.9 93.4 396.66 22.3432384748249 33.0640128729106
2014-09-01 5.1 92.78 320.11 23.0724065702717 31.9209121501953
2014-09-02 0 84.18 501.99 23.3485978994265 31.9032110741594
2014-09-03 0 76.55 665.21 22.7503076867993 33.4218303415252
2014-09-04 0 77.02 639.87 23.1845831760205 35.1391405051252
2014-09-05 0 77.16 643.2 23.5777326080175 34.4176421708225
2014-09-06 2 88.66 455.06 23.746270281727 33.846496236552
2014-09-07 22.2 90.73 475.9 23.552510039397 34.6202931344498
2014-09-08 42.6 93.05 416.2 22.8650761969964 34.6879929446274
2014-09-09 14.3 90.03 523.25 22.2870746385367 33.4705828019295
2014-09-10 10.3 90.94 364.34 22.6023876067269 32.44525826524
2014-09-11 6.7 90.29 435.52 22.4494639920821 32.2912843312006
2014-09-12 0 88.75 409.41 22.612087096122 33.212087096122
2014-09-13 50 84.77 615.96 23.1882206202224 33.0997403787296
2014-09-14 3.1 88.96 485.74 23.8371557172423 32.8929916764315
2014-09-15 18.1 93.36 349.61 21.9626523769364 32.931746518322
2014-09-16 9.4 94.76 357.49 21.2463022021525 33.56797820785
2014-09-17 0 86.25 555.1 22.321053938373 33.7960867615502
2014-09-18 0 82.75 647.43 22.0041599285437 33.3109095896144
2014-09-19 0 81.01 653.35 22.4013707702991 33.0745415478547
2014-09-20 34.8 85.74 595.68 23.2178753936177 34.0178753936177
2014-09-21 12 88.65 524.25 22.2593240880695 33.1557605941871
2014-09-22 5.6 89.66 535.33 22.009770996285 33.0108225990191
2014-09-23 100.1 88.66 566.28 22.5217504487245 32.7640797592299
2014-09-24 41.4 88.91 578.54 22.3193611396587 32.7958626248681
2014-09-25 64.9 95.15 401.84 22.6932520479217 33.52215225753
2014-09-26 25.3 97.6 288.23 23.2170607217904 32.9075589036349
2014-09-27 16.3 91.04 534.55 22.2196329791603 31.2162902911114
2014-09-28 5.5 94.86 325.24 23.5462920121882 32.5908273156691
2014-09-29 13.4 92.25 430.26 21.7776100383034 33.3093732376027
2014-09-30 2.1 90.27 427.12 21.9445140779677 33.0358673440377
2014-10-01 0.9 89.84 439.53 24.0826270511174 33.9990209223156
2014-10-02 5.3 83.45 601.88 22.6541249394401 34.2738158024297
2014-10-03 0 83.08 610.85 23.3727033038928 33.4131055445294
2014-10-04 0 83.79 630.12 23.0566968830437 32.5423806274854
2014-10-05 0 86.99 526.2 23.2729503316499 33.0229503316499
2014-10-06 0 82.7 590.59 25.6381155810141 32.7471567097682
2014-10-07 0 80.83 585.1 23.5268790544942 31.8952987447457
2014-10-08 0 87.19 542.34 22.9826183916039 31.5591438242564
2014-10-09 0.1 84.8 478.22 23.3760468050682 31.8233918292371
2014-10-10 0.1 86.25 565.19 25.4246512401471 32.1202488405757
2014-10-11 0 85.54 580.91 23.041400444856 32.3655378664296
2014-10-12 0 82.89 588.85 23.1005083696323 33.7318313165414
2014-10-13 0 87.27 521.34 20.5617705009016 32.6834239448076
2014-10-14 8.5 90.05 481.91 22.3807832714246 31.6520040585332
2014-10-15 58.1 99.69 120.6 22.4980610434376 30.9827495643431
2014-10-16 67.2 99.52 165.94 24.2736187561846 29.9883554014136
2014-10-17 0.7 96.15 223.01 23.9709109059754 30.0386854494748
2014-10-18 0.5 92.49 385.71 22.335047085595 24.4459328660007
2014-10-19 7.9 95.43 274.36 22.958588148112 27.3007263525345
2014-10-20 0.3 95.68 210.14 23.3384253942521 26.445322209748
2014-10-21 0.1 94.23 260.6 22.2865715820896 24.2934683975855
2014-10-22 1.3 91.39 440.76 21.5366739416136 27.6953169614772
2014-10-23 18.1 99.02 132.24 21.6607385670935 28.1527124066746
2014-10-24 12.5 98.86 225.89 21.5759080763847 31.9047583572247
2014-10-25 16.2 96.42 242.57 20.9343182190226 31.6083262139442
2014-10-26 0 100 453.228373218358 21.5371900807029 29.8859967443563
2014-10-27 0 84.16 600.54 21.4161345618501 32.2914663973175
2014-10-28 0.1 84.24 588.22 22.0949605500528 31.6869983710367
2014-10-29 28.7 93.61 314.33 23.7193111439397 32.6085817562033
2014-10-30 23.9 96.03 340.74 23.1690897860537 32.4690897860537
2014-10-31 10.7 96.31 287.25 22.6657820637472 33.6096660408152
2014-11-01 4.5 87.78 428.54 21.9742615693605 33.3845721948173
2014-11-02 0 85.36 494.2 21.3810189935276 30.9428085430856
2014-11-03 0.9 85.11 492.73 21.7139087225781 30.9279764065276
2014-11-04 0 87.94 383.32 21.1479257477513 30.7808692037477
2014-11-05 0 86.59 480.38 19.2746115333634 30.2698826838025
2014-11-06 0 84.72 565.02 20.2476876891051 29.4707891268876
2014-11-07 0.1 91.06 333.88 22.1383501456771 28.3964138313672
2014-11-08 0 87.9 479.22 20.6285861713545 28.2055262646518
2014-11-09 6.8 94.45 234.82 19.6418840709431 27.2858053631094
2014-11-10 0 84.01 438.47 21.9008133445571 28.1327486309929
2014-11-11 0 86.15 557.22 24.3346525051136 30.0216872773474
2014-11-12 0.1 88.66 473.85 23.1996700874256 29.744930427339
2014-11-13 3.6 91.19 402.13 19.7109313933475 30.1020907349601
2014-11-14 0.4 93.27 309.75 19.7260516329299 30.8186176993679
2014-11-15 0 90.18 394.36 19.7196067832302 32.4264138094192
2014-11-16 0 83.6 543.91 20.9384363382947 31.1388633876454
2014-11-17 0.1 86.08 510.81 22.2104826897471 30.45643987009
2014-11-18 83.3 97.84 134.16 21.2591064431847 28.5141138682417
2014-11-19 32.9 98.64 129.6 22.2631755631735 30.6156982347899
2014-11-20 0.2 93.46 228.75 22.099622161851 30.4136611359073
2014-11-21 0.2 92.26 329.63 22.2145513173245 30.5985191504059
2014-11-22 0 87.98 484.93 20.8446535595008 28.4916861443335
2014-11-23 0 86 544.47 19.8048705612417 30.0741375646416
2014-11-24 0.2 87.95 541.39 22.1053439251378 28.2845066531452
2014-11-25 7 93.81 272.1 20.6093739848247 29.7160675321862
2014-11-26 10.1 98.84 78.69 20.6931965021599 31.2401875344784
2014-11-27 0.2 94.9 142.96 18.9206571085306 31.4327651390643
2014-11-28 0.1 90.51 222.11 19.0657685988797 30.844477331338
2014-11-29 0.4 87.33 466.21 20.1671502487025 30.8366292981854
2014-11-30 0 86.74 424.58 22.0475715092515 29.0837392423281
2014-12-01 9.6 96.79 194.92 23.394377914164 29.9050865257381
2014-12-02 10 93.45 364.5 22.5589395499553 30.3746460416714
2014-12-03 0.2 87.01 507.4 20.0838695525513 30.3630489165442
2014-12-04 3.3 91.94 382.18 21.0644593004262 25.9566790166612
2014-12-05 0.3 93.61 299.87 18.8865182223672 28.2554681340227
2014-12-06 0 87.47 443.74 19.1333819442412 30.3638678337895
2014-12-07 4.8 97.9 168.31 21.1306038487459 27.316998809293
2014-12-08 0 86.97 462.16 20.5731478836879 30.415434498994
2014-12-09 8.3 92.35 303 21.1883195201535 30.3556390362593
2014-12-10 0 87.32 444.28 21.1682327361998 28.1038239343093
2014-12-11 0 90.75 266.39 21.7256473839286 26.9090946184786
2014-12-12 1.5 92.04 315.62 21.4950424023006 29.978977734735
2014-12-13 0.6 91.77 365.89 20.8378655765517 25.2144491821499
2014-12-14 0.1 88.07 447.01 21.4090749824628 28.7281580941715
2014-12-15 0.1 88.29 478.24 21.6628031741813 29.6881039249638
2014-12-16 0 86.31 472.97 20.9018518568994 30.9190651569488
2014-12-17 0.1 86.32 512.86 19.5848596399953 30.8711663524068
2014-12-18 0 87.2 499.16 17.1613219210142 30.3611427726647
2014-12-19 0.1 89.03 449.77 19.1867044977571 30.3394273311418
2014-12-20 0 91.3 375.75 21.1604677872797 31.065130403844
2014-12-21 0.1 90.5 404.89 19.7991005047535 31.6968586783708
2014-12-22 0.2 91.42 382.25 17.0367034089835 31.1102264697529
2014-12-23 0 90.27 372.29 18.779910451348 31.6085872068798
2014-12-24 16.2 97.59 216.88 19.3603345781963 32.377386529894
2014-12-25 2 97.47 197.92 20.4741736488282 31.9430745367023
2014-12-26 0 87.28 522.62 21.4246214708166 30.9615867632844
2014-12-27 0 85.76 518.41 20.7153992804229 30.557517122938
2014-12-28 0 91.47 398.61 20.7778317732219 30.7112307765288
2014-12-29 0 93.09 259.94 20.285645259202 28.2026787939912
2014-12-30 0 90.41 416.38 19.2407900564757 27.0055802638712
2014-12-31 2.6 90.29 399.98 19.23699427012 29.3973390745666
2015-01-01 0.7 94.18 273.18 21.2082952076396 29.9187367971507
2015-01-02 0 84.7 518.05 22.1767218781381 26.4754790444257
2015-01-03 0 85.14 500.11 20.6352554107261 28.787604728196
2015-01-04 9.7 92.77 397.13 17.6870085648451 28.0233163211161
2015-01-05 29.1 96.86 257.7 18.7792844718667 27.2713477050079
2015-01-06 15.9 96.93 249.08 17.8191803565781 29.3098039394637
2015-01-07 32.6 91.14 450.26 17.2962439838133 30.4118014238498
2015-01-08 101.3 95.02 312.09 16.7398840185484 29.3017963179128
2015-01-09 11.4 99.91 108.51 17.0933990718439 28.9313235890448
2015-01-10 6.2 96.94 222.1 15.8796105627215 24.8678195172147
2015-01-11 1.1 99.96 108.11 16.235837689241 26.0963685648135
2015-01-12 0.9 96.52 262.38 16.2865719035409 25.9341039030674
2015-01-13 1 95.96 289.08 22.1449071765255 28.6007498172081
2015-01-14 12 98.15 233.61 17.8474624612849 25.806817411022
2015-01-15 6.1 98.46 183.11 18.1324064377654 28.4155105324454
2015-01-16 59.5 100 80.49 16.3854106762563 28.108531450341
2015-01-17 1.2 97.46 200.53 16.9058400187537 29.2133504168707
2015-01-18 1 95.26 291.87 16.9282121659515 27.1384379970671
2015-01-19 0.1 89.73 306.58 16.6566649815352 27.9391515084794
2015-01-20 0 88.94 500.44 17.1042615931103 27.3598823443551
2015-01-21 0 85.94 521.39 15.3124185005439 30.5048828175184
2015-01-22 0 84.14 511.62 20.8781061255094 30.5578050895359
2015-01-23 10.6 88.75 396.03 19.783386215179 27.9324001970812
2015-01-24 59.1 100 88.84 20.5759771213373 28.542978705974
2015-01-25 0.2 93.04 254.32 18.2666190490576 28.6636611706763
2015-01-26 5.6 98.22 167.34 17.1794836261799 26.6809502893369
2015-01-27 0 84.74 479.21 16.9638565821596 28.003676941843
2015-01-28 0 84.12 420.33 19.7802007114683 30.3785840034586
2015-01-29 0 83.27 510.71 18.7377435257429 31.9253052989526
2015-01-30 1.4 96.1 144.99 16.446317067164 29.4797564922197
2015-01-31 0 82.2 547.57 17.1701822213316 28.1118646629573
2015-02-01 0 80.33 571.45 17.773899633248 30.1814133751828
2015-02-02 0 91.84 434.94 18.1717646851211 25.1500823943215
2015-02-03 5.6 96.59 257.34 18.4868701347278 28.6388445518528
2015-02-04 0.4 95.35 239.93 15.9605816250615 28.7616661662691
2015-02-05 14.1 99.8 135.79 21.7651379198201 30.9268517340043
2015-02-06 3.7 97.35 170.93 17.9210535482205 33.5847749916098
2015-02-07 0 88.74 294.6 16.8415744279411 30.3420750868176
2015-02-08 0.1 87.83 406.88 21.1181443561337 25.6453482066449
2015-02-09 0 84.42 548.7 20.6086567664429 26.1712561292316
2015-02-10 0 83.78 485.24 18.6746209959356 28.0746209959356
2015-02-11 0 86.98 430.52 15.7364945793788 29.5023601167242
2015-02-12 0 82.81 441.15 17.3638936089097 32.5057372709744
2015-02-13 0 83.84 386.87 19.847285658636 30.311115031012
2015-02-14 0 84.62 377.17 20.1256463763347 25.239142387911
2015-02-15 0 83.18 534.28 14.9764007116348 32.2553603377062
2015-02-16 0 78.41 590.63 20.1580207727224 33.3618186323352
2015-02-17 0 80.73 586.29 18.9417352528762 31.5749513143169
2015-02-18 14.7 97.67 194.7 18.8563445754539 31.1510680346051
2015-02-19 6.4 94.06 201.14 20.0675763757929 30.8278213937233
2015-02-20 0 82.74 605.44 23.3956596692109 29.5702470215404
2015-02-21 0 80.95 608.99 20.3589427935524 30.7543967342761
2015-02-22 0 80.74 619.31 20.4307308042598 31.9926955207602
2015-02-23 0 82.68 577.34 19.4072208675554 27.8860651910259
2015-02-24 0 86.38 438.25 21.8717144120394 30.8292281539741
2015-02-25 0 82.85 604.76 23.1461018848456 33.9101447623887
2015-02-26 1 89.08 404.24 18.577002954173 31.6333445571608
2015-02-27 16 97.76 193.94 19.0517693044477 33.4948036448551
2015-02-28 4.1 92.88 384.15 22.3065791200886 28.17408085681
2015-03-01 2.6 93.82 281.91 21.7368991661556 32.0181083383039
2015-03-02 0 86.47 528 22.0908750808079 30.6617349042331
2015-03-03 0 80.21 618.77 23.8407706170101 31.8820167395455
2015-03-04 0 72.9 620.26 24.9584464597106 32.6081839189368
2015-03-05 0 77.31 594.55 20.1534875125574 33.6353411401852
2015-03-06 1.5 88.3 290.19 18.7874249579453 33.8117698540789
2015-03-07 0 85.84 407.96 19.2947994249413 31.9939617988383
2015-03-08 0 84.26 580.78 20.4403931336704 33.3639043509994
2015-03-09 0 76.78 633.2 21.6046994594973 33.9627776199679
2015-03-10 0 84.95 567.9 23.2675125920936 33.5391151036318
2015-03-11 0 95.5 212.95 19.9005930372343 31.3925673599209
2015-03-12 4.5 99.26 137.31 21.8137980726122 33.3327559727426
2015-03-13 2.9 93.89 308 18.4523093053277 32.1323339804534
2015-03-14 0.6 84.61 590.89 18.6773896221964 31.2265519960934
2015-03-15 0.8 91.64 416.11 21.0298986670805 31.4089863445047
2015-03-16 61.3 88.53 479.05 20.6784994687802 28.6841036211877
2015-03-17 0.1 86.65 532.98 18.2030385743351 32.5317046473387
2015-03-18 0 83.5 601.26 18.2365234306131 33.3524721243289
2015-03-19 0 81.76 595.46 23.1364601503243 30.2485559281348
2015-03-20 0 82.88 550.33 21.9799276832822 30.0278221804062
2015-03-21 0 80.59 610.79 22.0327406288565 33.7229947557914
2015-03-22 0 80.24 621.28 20.3527810582677 34.4262401600895
2015-03-23 0 86.75 541.91 18.5051527028543 34.9277267769762
2015-03-24 0 83.82 570.93 18.3557469790679 32.8057725492151
2015-03-25 0.1 79 606.58 21.1255438670728 34.2350283333426
2015-03-26 0 77.68 622.77 22.0702519337352 26.2946825759413
2015-03-27 6.6 96.03 152.83 21.7269927319503 29.2915920610468
2015-03-28 26.3 95.52 210.38 22.7586074342458 27.2811444540268
2015-03-29 0.1 89.14 352.72 23.0454418607683 31.3579293078037
2015-03-30 2 84.39 591.01 19.5648249410406 32.7533937545074
2015-03-31 0 79.5 628.07 17.8084767942282 33.9584626886861
2015-04-01 0 77.29 639.86 18.5697531971929 33.1156810777275
2015-04-02 0 77.02 551.42 23.5448737645491 33.8026355094304
2015-04-03 0 77.35 652.45 29.0878044619257 33.4838330496549
2015-04-04 0 77.7 641.95 22.2317262904067 35.5634405202984
2015-04-05 0 78.15 659.09 21.1275552031236 34.7181343741091
2015-04-06 0 75.77 656.79 20.6131769832656 34.1767079988552
2015-04-07 0 69.83 663.34 21.6002815846837 34.5846632162122
2015-04-08 0 75.93 589.55 21.2309187676986 33.2771562718171
2015-04-09 0 71.61 629.96 21.912263056256 25.5663351757214
2015-04-10 0 70.11 645.07 21.4744133369932 27.6504895894371
2015-04-11 0 74.66 645.04 21.8323158382715 31.2766954618774
2015-04-12 0 74.89 639.14 23.1250067348166 33.4894176561747
2015-04-13 0 71.27 631.32 26.0166118239341 34.2819069241494
2015-04-14 0 75.46 608.89 22.2477151914978 39.8724433411677
2015-04-15 0 77.77 557.15 22.5646544376178 36.1006502152978
2015-04-16 0 76.64 568.09 27.5 34.9
2015-04-17 0 70.17 609.47 23.3 35.9
2015-04-18 0 74.99 607.88 22.9 36.1
2015-04-19 0 81.03 525.9 24.5 35.4
2015-04-20 0 80.47 562.2 24.6 35.4
2015-04-21 26.2 88.29 456.91 23.1 33.9
2015-04-22 0.1 80.29 609.86 24.6 36.7
2015-04-23 0 78.01 567.72 24.1 36.6
2015-04-24 0 70.3 606.93 24.4 37
2015-04-25 0 68.5 599.77 22.6 36.9
2015-04-26 0 68.79 614.62 24.2 38.2
2015-04-27 5.1 71.67 532.73 23.9 37.8
2015-04-28 0.1 81.46 429.33 25.9 35.2
2015-04-29 94.1 95.73 161.91 21.6 27.9
2015-04-30 8.1 97.4 146.54 20.7 25.3
2015-05-01 0.1 93.45 225.23 21.3 27.3
2015-05-02 1.9 89.43 398.03 22.2 30.3
2015-05-03 0 83.65 514.93 21.7 32.2
2015-05-04 0 78.66 656.93 21.7 33.6
2015-05-05 0 76.01 626.12 21.8 34.1
2015-05-06 0 76.91 622.2 21.2 34.7
2015-05-07 0 71.62 640.36 23.1 35
2015-05-08 0 76.12 631.38 22.7 34.5
2015-05-09 0 72.28 638.54 24.8 34.7
2015-05-10 0 71.95 630.81 24.7 34.8
2015-05-11 1 70.57 629.9 24.8 35.1
2015-05-12 0 72.36 569.71 24.5 34
2015-05-13 0 75.43 576.11 23.7 34.2
2015-05-14 0 75.59 628.55 22.7 34.4
2015-05-15 0.3 75.17 647.29 23.2 34.2
2015-05-16 0 72.52 642.52 23.8 35
2015-05-17 0 68.46 639.17 23.3 35.1
2015-05-18 0 69.68 661.65 23.2 35.4
2015-05-19 0 71.53 657.27 22.7 35.1
2015-05-20 0 72.75 659.97 23 35.8
2015-05-21 0 71.58 627.05 23.7 36.1
2015-05-22 0 71.89 638.84 24.4 35.3
2015-05-23 0 80.25 451.29 23.2 34
2015-05-24 0 75.38 528.07 23.5 34.5
2015-05-25 0 68.39 617.84 24.1 35.4
2015-05-26 0 67.08 618.41 24 35.8
2015-05-27 0 68.5 632.96 23.6 35.6
2015-05-28 1.2 70.84 650.55 22.9 35.5
2015-05-29 0 72.81 620.94 22.2 35.4
2015-05-30 0 74.04 572.6 23.3 35.8
2015-05-31 10.7 79.65 501.17 22.4 35.2
2015-06-01 44.7 93.73 266.63 22.4 29.8
2015-06-02 3.3 92.42 334.52 22.7 29.5
2015-06-03 10.2 85.32 471.94 22.8 32.3
2015-06-04 2.1 83.33 580.09 23.4 33.7
2015-06-05 14.4 89.46 445.26 23.3 33.6
2015-06-06 7.6 82.56 548.74 22.7 33.4
2015-06-07 0 81.03 658.05 21.8 33.1
2015-06-08 7.3 84.08 570.81 22.5 34.6
2015-06-09 28.6 88.36 519.04 22.7 33.5
2015-06-10 5 86.57 563.99 23.1 33.6
2015-06-11 0.4 88.79 470.41 23.4 33.1
2015-06-12 31.7 90.22 445.57 22.2 30.9
2015-06-13 2.1 91.77 302.82 23.8 31.2
2015-06-14 0 87.64 408.44 23.8 33.4
2015-06-15 16.1 84.73 424.61 23.3 33.2
2015-06-16 0.5 85.94 603.13 23 33.5
2015-06-17 0 79.36 620.58 24.8 33.2
2015-06-18 0 82.36 558.45 23.8 32.8
2015-06-19 0 82.77 509.29 24.1 32.2
2015-06-20 0 79.27 522.97 25 33.2
2015-06-21 0 77.33 599.96 24.2 33.6
2015-06-22 0 75.02 592.02 23.3 33.3
2015-06-23 0 78.52 616.53 21.8 33.3
2015-06-24 9 93.18 403.17 21.8 31.9
2015-06-25 0.5 86.31 583.94 22.1 32.5
2015-06-26 7.3 87.96 522.36 23 32.1
2015-06-27 0.1 79.3 636.32 23.7 33.5
2015-06-28 0 78.96 583.82 22.8 33.1
2015-06-29 0.5 86.04 643.86 22.8 33.8
2015-06-30 0 78.75 630.27 22.7 34.1
2015-07-01 0 72.31 635.11 23.6 33.8
2015-07-02 0.4 83.06 533.43 22.5 32.7
2015-07-03 0 80.64 594.59 23.6 33.3
2015-07-04 0 72.81 605.73 24.1 34.2
2015-07-05 11.8 85.01 493.76 22.5 33.6
2015-07-06 0 82.93 591.19 23.5 33.5
2015-07-07 0 77.32 555.8 23 33
2015-07-08 0 79.67 349.58 23 31.5
2015-07-09 9.4 91.2 213.29 22.1 29.5
2015-07-10 19.7 97.01 238.74 22.6 28.6
2015-07-11 3.3 86.71 466.21 21.9 33.2
2015-07-12 0 80.72 610.34 22.9 33.5
2015-07-13 7.2 85.65 541.58 23.7 33.7
2015-07-14 2.4 84.9 562.91 21.9 33.8
2015-07-15 0.2 85.44 516.23 22.6 33.9
2015-07-16 0 87.39 468.44 22.1 33.5
2015-07-17 12.8 82.79 615.02 22.8 33.8
2015-07-18 0.4 80.57 628.78 22.3 34
2015-07-19 12 81.25 645.22 22.8 33.9
2015-07-20 31.2 89.83 523.63 22.7 33.3
2015-07-21 0.8 82.44 639.38 22.6 33.4
2015-07-22 0 79.85 610.31 23.6 33.7
2015-07-23 0 77.79 618.88 24.1 34.5
2015-07-24 0 84.01 634.24 23.4 34.4
2015-07-25 3.5 79.58 629.13 22.3 34.5
2015-07-26 0 75.25 643.08 22.6 34.6
2015-07-27 0 73.04 651.4 23.3 34.9
2015-07-28 0 77.33 590.2 23.8 34.2
2015-07-29 8.9 82.11 623.5 23.4 34.6
2015-07-30 0.9 85.9 693.31 22.1 34.5
2015-07-31 0.6 85.38 579.86 21.5 33.1
2015-08-01 0 76.61 647.64 22.8 34.5
2015-08-02 0 77.65 646.14 22.7 34.7
2015-08-03 0 80.41 629.51 22.9 35.1
2015-08-04 0 75.68 644.63 23 35
2015-08-05 9.9 72.38 641.45 23 35.6
2015-08-06 7.9 80.16 548.11 23 34.5
2015-08-07 0 77.89 640.31 23.1 34.9
2015-08-08 0 76.55 648.41 23.3 35.7
2015-08-09 0 74.47 625.62 23.6 36.6
2015-08-10 0 73.53 658.11 23 36.5
2015-08-11 5.4 80.8 589.06 21.9 35.4
2015-08-12 6.9 89.08 462.32 22.2 33.3
2015-08-13 0 74.8894532936506 543.297587163157 22.2460054709707 33.8199908132911
2015-08-14 0.1 81.0561132765014 596.921401399468 22.9534800434282 33.8899503094181
2015-08-15 0.8 80.2133582619048 594.252484244614 23.4831311035531 34.7893991964889
2015-08-16 2.1 77.9235907316017 593.576479267046 22.9329427235475 36.2234891087665
2015-08-17 1.1 86.1182005390719 568.571461370627 21.9900469542001 34.8650077341168
2015-08-18 3.5 82.645031484127 541.613117324799 22.4734806415556 32.9073354461928
2015-08-19 9.9 81.724216012543 574.982888411145 23.0448953689935 31.7968811963839
2015-08-20 0 84.4773874792918 544.646329095238 23.551842808964 25.7384300699435
2015-08-21 3.5 91.8640095767448 398.880932333334 22.8864369869008 32.768782719342
2015-08-22 3.9 90.0517501029527 433.669810619048 22.7914160303481 32.5668531424884
2015-08-23 16.9 93.0172199007936 462.258013673708 22.1125634694394 31.9808629513059
2015-08-24 2.4 94.0297902323232 421.220247693181 22.8905921624715 33.9530511529881
2015-08-25 0.1 87.39 417.94 22.7 32.1
2015-08-26 101.7 85.33 496.14 21.5 34.1
2015-08-27 0.6 91.26 447.96 22 32.8
2015-08-28 13.3 96.42 310.51 22.8 31.6
2015-08-29 1.1 91.44 400.22 22.6 33.2
2015-08-30 0 82.89 622.06 23 34.4
2015-08-31 0 81.38 580.76 23.9 34.9
2015-09-01 4.1 80.35 627.42 22.4 35.4
2015-09-02 0.2 86.22 578.03 23.5 35.2
2015-09-03 0.9 78.61 667.71 22.6 34.4
2015-09-04 0.9 78.69 645.94 22.4 34.9
2015-09-05 0 78.47 660.14 22.5 35.3
2015-09-06 2.5 88.64 428.21 22.7 32.8
2015-09-07 0.1 89.1 305.96 23.1 30.6
2015-09-08 0 78.79 353.01 22.5 32.4
2015-09-09 0 87.21 322.8 24 31.2
2015-09-10 0 83.01 540.4 23.8 34.3
2015-09-11 0 79.12 643.55 24.1 35.8
2015-09-12 0 78.21 629.46 24 36.8
2015-09-13 39.5 87.75 523.79 21.6 33.9
2015-09-14 17 94.86 339.47 21.7 30.3
2015-09-15 6.4 93.24 457.41 22.8 34
2015-09-16 1.2 84.67 617.91 23.4 34.8
2015-09-17 14.6 87.39 588.43 22.9 33.5
2015-09-18 25.4 89.3 535.45 22.5 33.6
2015-09-19 9.2 92.36 553.51 22.5 33.8
2015-09-20 5.8 91.88 496.15 22.6 33.2
2015-09-21 8.2 89.55 601.02 23.8 33.2
2015-09-22 44 91.97 449.22 22.7 32
2015-09-23 32.5 89.16 600.64 21.6 32.9
2015-09-24 0.1 88.71 601.65 21.7 32.2
2015-09-25 8.8 90.04 525.97 22.8 33.4
2015-09-26 2.4 91.76 511.92 22.8 31.1
2015-09-27 18.4 89.99 481.52 22.6 31.7
2015-09-28 0.1 88.76 498.31 23.6 32.4
2015-09-29 0.3 90.71 430.07 24.5 33.3
2015-09-30 21.6 94.79 319.01 23.4 31.7
2015-10-01 1 89.82 515.44 23.8 32.3
2015-10-02 8.6 96.41 244.19 22.2 29.1
2015-10-03 0 84.58 609.39 21 31.8
2015-10-04 0 85.56 561.1 22.7 32.3
2015-10-05 0.9 85.03 595.66 22.9 32.1
2015-10-06 0 84.45 561.88 20.4 31.3
2015-10-07 0 87.77 535.5 20.9 32
2015-10-08 0 85.68 547.23 22.6 33.4
2015-10-09 0 83.77 553.87 22.9 33.7
2015-10-10 8.1 86.69 536.3 24 33.8
2015-10-11 89.9 91.29 540.46 22.2 32.2
2015-10-12 3.9 87.26 564.02 22.8 33.7
2015-10-13 0.6 87.08 480.57 23 34.3
2015-10-14 6.8 89.04 571.69 22.9 32.8
2015-10-15 67.4 94.68 497.45 22.2 31.6
2015-10-16 17.4 95.32 346.94 23.1 30.6
2015-10-17 0.2 94.17 398.03 22.5 30.1
2015-10-18 8.4 95.45 365.61 23.8 30.1
2015-10-19 14.8 99.09 265.8 23.8 28.5
2015-10-20 18.4 97.15 420.19 24.1 30.1
2015-10-21 3.3 96.04 319.92 24.2 31
2015-10-22 4.8 90.99 570.91 24.2 32.4
2015-10-23 0 88 585.32 23.9 33.3
2015-10-24 0 87.22 567.18 22.5 33.8
2015-10-25 0 96.75 484.377684129508 25.7 26.6
2015-10-26 0.8 94.24 275.33 23.1 28.2
2015-10-27 0 87.54 523.48 22.3 31
2015-10-28 0 90.51 450.28 23.9 32.2
2015-10-29 0 88.81 538.7 23.6 33.6
2015-10-30 11 87.45 560.6 23.6 33.9
2015-10-31 0 87.6 546.08 24.2 34.5
2015-11-01 0 92.53 460.17 24.7 32.5
2015-11-02 0 93.46 422.06 22.7 31
2015-11-03 0.1 91.26 440.55 22.7 31.7
2015-11-04 1.2 88.07 572.25 22.6 32.3
2015-11-05 0 88.39 517.15 21.8 31.9
2015-11-06 0.5 92.06 473.28 22 31.2
2015-11-07 8.9 91.76 456.96 22.6 32
2015-11-08 0.2 95.14 362.33 23.4 31.2
2015-11-09 0 89.32 486.78 22.9 32.1
2015-11-10 0 88.22 545.53 22.5 31.8
2015-11-11 3.5 90.09 523.02 22.6 31.9
2015-11-12 7.9 93.46 427.54 22.9 30.5
2015-11-13 40.4 95.72 321.55 22.9 28.9
2015-11-14 64.6 96.95 242.67 22.5 27.7
2015-11-15 9.6 93.68 410.34 22.3 29.6
2015-11-16 1.6 92.97 435.26 22.7 29.5
2015-11-17 0 90.75 445.51 23 31
2015-11-18 0 89 537.43 22.7 33.4
2015-11-19 2.4 90.28 532.13 23.6 32.7
2015-11-20 23.1 95.1 322.23 23.6 30.7
2015-11-21 0.1 94.86 404.74 23.2 30.4
2015-11-22 1.2 94.62 377.27 22.8 31.1
2015-11-23 36.5 96.27 343.63 22.9 28.7
2015-11-24 1.2 96.12 291.19 22.7 28.8
2015-11-25 7.7 95.59 307.82 22.4 29
2015-11-26 1 95.28 384.57 21.7 29.3
2015-11-27 0.6 91.58 453.08 21.5 29.8
2015-11-28 2.9 92.27 439.13 21.9 29.1
2015-11-29 0 88 543.31 20.9 29.1
2015-11-30 2.1 88.74 512.9 20 29.5
2015-12-01 0 89.03 523.99 18.8 30.1
2015-12-02 0 90.92 431.09 19.6 30.8
2015-12-03 24.3 97.09 251.76 21 26.9
2015-12-04 6.3 99.1 168.29 20.1 25.5
2015-12-05 4.8 96.05 279.11 20.6 27.2
2015-12-06 9.3 97.99 234.88 20.6 25.1
2015-12-07 40.6 100 107.96 21.1 24.1
2015-12-08 1.3 97.1 308.79 21.4 26.7
2015-12-09 0 94.66 328.06 20.3 28.9
2015-12-10 0 93.64 371.26 21.5 29.2
2015-12-11 0 90.6 489.25 21.6 30.2
2015-12-12 0 87.17 519.28 21.7 30.9
2015-12-13 0 89.57 490.13 23.1 33.1
2015-12-14 0 94.06 453.94 22.3 30.8
2015-12-15 0 90.35 473.56 22.6 31.9
2015-12-16 0 91.95 476.83 23.1 32.8
2015-12-17 0 96.66 272.26 23.1 30.5
2015-12-18 42.2 98.79 211.05 22.5 27.6
2015-12-19 10.1 99.71 60.72 21.3 23
2015-12-20 9.3 98.65 213.87 21.4 26.1
2015-12-21 0 92.05 479.77 21.6 30.1
2015-12-22 0 90.04 465.86 22.5 30.6
2015-12-23 0 87.96 510.33 21.6 32
2015-12-24 0 89.34 497.85 22.7 32.9
2015-12-25 0 88.9 450.76 23.4 31.4
2015-12-26 0 86.11 514.79 21.7 31.2
2015-12-27 0 84.09 499.83 22.4 32.3
2015-12-28 0 91.27 448.28 20.9 30.1
2015-12-29 0 94.27 352.21 21.4 29.4
2015-12-30 0 90.64 483.7 22.1 31.5
2015-12-31 0.1 91.1 467.48 22.4 31.4
2016-01-01 6.9 89.52 477.39 21.9 31
2016-01-02 13.2 95.75 311.87 20.6 27.4
2016-01-03 0 92.74 263.5 20.6 24.9
2016-01-04 11 98.96 102.13 19.8 21.6
2016-01-05 2.8 95.48 237.92 19.1 25
2016-01-06 0 93.76 416.28 17.4 27.9
2016-01-07 0 90.86 507.63 18 30.9
2016-01-08 0 93.07 490.29 20.8 30.5
2016-01-09 0 86.31 523.97 19.1 32.3
2016-01-10 15.6 98.28 64.22 19.9 23.4
2016-01-11 0 91.42 375.02 19.6 26.6
2016-01-12 0 93.31 310.05 19.1 26.9
2016-01-13 0 97.64 183.16 20.7 24.1
2016-01-14 0 91.3 394.72 19.8 29.9
2016-01-15 0 92.43 482.42 19.9 30.1
2016-01-16 0 93.8 399.35 21.6 30.5
2016-01-17 0 88.58 369.82 17.2 26.8
2016-01-18 0 83.08 480.77 15.1 26.4
2016-01-19 0 84.06 448.74 18.4 27.2
2016-01-20 0 89.98 256.91 18.8 25.9
2016-01-21 0 91.56 371.55 19.2 27.9
2016-01-22 0.1 90.62 220.09 17.5 26.7
2016-01-23 0 84.74 271.83 16.3 22.8
2016-01-24 0 81.94 431.18 11.8 24.5
2016-01-25 0 81.93 584.22 11.8 28.7
2016-01-26 0 86.25 502.58 17.1 31.2
2016-01-27 0 92.7 353.59 18.5 27.9
2016-01-28 3.9 96.19 141.93 17 20.8
2016-01-29 0 93.47 225.63 16.9 23.1
2016-01-30 0 88.56 385.73 16.6 28
2016-01-31 0 86.04 551.94 16.3 32.3
2016-02-01 0 89.16 521.44 19 32.8
2016-02-02 0 87.07 562.78 21.1 32.3
2016-02-03 0 89.91 464.56 20.9 30.9
2016-02-04 18.4 98.94 122.27 18.6 22.6
2016-02-05 24.6 99.98 130.07 17.6 20.2
2016-02-06 18.1 100 106.48 17.7 19.4
2016-02-07 7.3 92.78 231.81 14.3 22.3
2016-02-08 0 87.95 290.91 13.3 22.8
2016-02-09 0 87.58 378.4 15.3 24.4
2016-02-10 0 90.79 311.91 15.8 24.4
2016-02-11 0 82.75 613.96 15.2 25
2016-02-12 0 83.97 409.06 15.8 25.8
2016-02-13 0.6 86.72 442.26 17.8 26.3
2016-02-14 0 85.14 555.44 16.8 27.8
2016-02-15 0 85.18 587.34 17.4 32.1
2016-02-16 0 88.05 559.54 20.4 28.9
2016-02-17 55.1 99.73 171.12 21.5 25.4
2016-02-18 7.2 93.72 430.73 21.7 29.4
2016-02-19 0.2 88.54 508.48 22.3 30
2016-02-20 1.5 85.24 613.26 20.4 29.8
2016-02-21 0.1 83.91 573.65 19.6 30.2
2016-02-22 0 88 570.26 19.4 31.6
2016-02-23 0 86.77 591.96 19.1 32.7
2016-02-24 11.6 96.16 370.16 17.4 29.1
2016-02-25 0.2 97.04 137.02 16.7 21.7
2016-02-26 0 87.27 349.73 15.3 24.4
2016-02-27 0 84.61 437.28 18 27
2016-02-28 0 83.2 545.67 18.4 29.3
2016-02-29 0 88.02 476.45 18.4 29
2016-03-01 0 82.96 570.46 18 31.1
2016-03-02 6.1 89.91 491.04 18.5 29.9
2016-03-03 3.4 98.6 173.43 20.8 26.5
2016-03-04 5.3 99.49 138.1 20.6 25.2
2016-03-05 1.4 93.16 350.98 20.8 28.8
2016-03-06 13.7 97.67 229.51 21.2 27.5
2016-03-07 0.1 85.41 618.08 20.8 31.7
2016-03-08 0 83.26 645.41 22.7 33.4
2016-03-09 0 83.33 641.17 22.3 35
2016-03-10 0 87.86 589.69 23.5 33.4
2016-03-11 0 89.44 384.66 22.4 32.2
2016-03-12 0 92.02 398.07 22.6 30.6
2016-03-13 0 86.89 586.87 22.7 32.9
2016-03-14 0 83.08 631.79 23.1 34.6
2016-03-15 0 82.24 633.46 22.2 34.2
2016-03-16 0 81.87 627.67 22 33.4
2016-03-17 0 84.54 571.09 22.6 33.2
2016-03-18 0 80.24 603.23 23 34.7
2016-03-19 0 82.6 604.68 22.1 34.7
2016-03-20 14.6 98.86 113.97 21.3 26.5
2016-03-21 37.3 97.81 182.6 19.5 22.7
2016-03-22 0 84.51 469.13 18.2 26.7
2016-03-23 0 79.01 651.51 17.4 32.6
2016-03-24 0 80.33 648.01 22 34.9
2016-03-25 0 90.68 429.82 21.5 30.5
2016-03-26 0 88.35 531.35 22.2 34.1
2016-03-27 0 85.13 615.36 22.6 34.2
2016-03-28 0 84.46 616.37 21.3 34.4
2016-03-29 0 86.46 547.45 23.2 34.3
2016-03-30 0 83.54 610.57 23.3 34.5
2016-03-31 0 82.4 611.59 24.1 35.9
2016-04-01 0 83.44 622.65 24.8 36.8
2016-04-02 0.3 93.93 238.46 23.2 29.2
2016-04-03 6.7 100 122.73 21 23.9
2016-04-04 0.2 94.32 224.35 21 26.6
2016-04-05 4.8 93.48 328.62 21.2 28
2016-04-06 0 84.93 609.12 21.5 31.9
2016-04-07 0 82.56 641.33 20.6 34.3
2016-04-08 0 84.3 564.19 21.2 33.1
2016-04-09 0.1 86.57 528.78 23.1 32.6
2016-04-10 0 77.67 649.26 21.4 33.7
2016-04-11 0 69.98 654.14 22.2 35.3
2016-04-12 0 75.45 657.76 22.2 35
2016-04-13 0 74.93 637.22 22 35.3
2016-04-14 0 86.7 506.84 21.5 33.9
2016-04-15 0 88.12 443.62 23.2 33
2016-04-16 0 86.02 480.47 23.4 34.5
2016-04-17 0 80.82 511.28 23.6 35
2016-04-18 0 76.27 464.89 25.2 34.7
2016-04-19 0.1 81.47 303.07 21.2 31.2
2016-04-20 0 86.8 492.69 20.5 32.6
2016-04-21 0 92.27 331.1 23.8 32.3
2016-04-22 36.2 88.86 483.42 21.4 34.7
2016-04-23 0.1 86.9 557.05 21.6 32.9
2016-04-24 0 87.34 563.56 22.6 33.8
2016-04-25 0 81.62 547.29 22.8 35.9
2016-04-26 0 81.9 486.68 24.4 35.8
2016-04-27 0 75.17 581.65 24.3 37.5
2016-04-28 0 81.29 510.48 25.7 36.6
2016-04-29 0 78.23 557.58 26 36
2016-04-30 0 77.11 560.96 25.7 38
2016-05-01 0 83.15 542.95 26.1 37.2
2016-05-02 0.1 80.35 546.49 26.2 37
2016-05-03 3.4 91.98 393.4 24.2 33.1
2016-05-04 0.2 91.33 386.09 24.9 33.1
2016-05-05 11.3 87.06 431.93 23.3 31.1
2016-05-06 0 83.4 372.79 20.2 30.8
2016-05-07 0 75.45 629.97 19.7 31.7
2016-05-08 0 78.49 613.7 19.4 34.1
2016-05-09 0 70.98 560.79 22.1 35.3
2016-05-10 0 71.45 537.27 23.4 36.1
2016-05-11 0 72.74 565.92 23.9 36.5
2016-05-12 0.7 82.95 507.19 23 35.7
2016-05-13 42.1 90.75 523 22.6 33.2
2016-05-14 103.7 86.45 607.73 22.3 33.8
2016-05-15 0.8 78.58 654.07 23.6 34.9
2016-05-16 0 80.2 551.85 23.6 35
2016-05-17 0 79.34 576.23 24.1 36.6
2016-05-18 14.2 80.91 558.54 24.3 37.2
2016-05-19 0 87.89 550.4 23.7 34.7
2016-05-20 0 85.9 482.35 25.7 35.4
2016-05-21 0.4 85.65 563.91 24.8 35.1
2016-05-22 0 77.48 619.97 25.4 35.9
2016-05-23 0 79.44 639.16 23.9 36.5
2016-05-24 0 79.94 590.21 24.7 36.9
2016-05-25 0 75.57 625.65 25.8 37.1
2016-05-26 0 73.88 657.61 25.6 36.5
2016-05-27 0 77.38 608.73 23.9 36.8
2016-05-28 0 75.17 552.24 24.6 36.8
2016-05-29 0 75.86 619.41 24.6 37.7
2016-05-30 0 76.51 610.61 25.9 37
2016-05-31 0 79.2 599.05 25.4 36.9
2016-06-01 0 76.92 588.52 24.9 37.4
2016-06-02 0 77.24 591.65 24.8 36.8
2016-06-03 7.7 82.6 495.88 23.2 36.3
2016-06-04 3.7 91.33 403.58 23.3 33.2
2016-06-05 35.4 92.82 448.19 23.1 32.8
2016-06-06 8.5 89.58 576.93 23.2 32.8
2016-06-07 0 92.87 321.71 23.5 30.1
2016-06-08 0 86.87 491.19 24.2 34.6
2016-06-09 10.4 84.95 593.64 23 35.6
2016-06-10 0.9 90.63 486.72 23.6 32.3
2016-06-11 15.7 87.8 548.83 22.3 34
2016-06-12 0.1 88.21 601.44 21.9 34.1
2016-06-13 0.5 91.79 637.85 22.8 35
2016-06-14 0 78.16 660.8 23.1 35.5
2016-06-15 0 79.54 613.27 24.1 35.3
2016-06-16 39.6 86.04 543.39 22.6 35.1
2016-06-17 6.5 82.85 581.8 21.9 33.2
2016-06-18 0 89.44 528.87 22.9 33.3
2016-06-19 12.9 86.42 629.99 21.9 33.2
2016-06-20 3.9 90.66 524.97 23.7 32.9
2016-06-21 0 86.97 572.8 23 34
2016-06-22 4.4 88.56 561.37 22.3 33.2
2016-06-23 5.1 89.52 596.11 22.3 32.6
2016-06-24 2.8 94.2 446.43 23.7 33
2016-06-25 0 83.27 636.13 23.9 33.5
2016-06-26 0 84.33 653.11 23.7 34.1
2016-06-27 0.3 89.56 568.25 23 33.4
2016-06-28 0.4 92.42 421.2 22.2 31.7
2016-06-29 0.5 84.9 611.24 21.9 33.3
2016-06-30 0.8 86.02 649.96 22.4 33.9
2016-07-01 0 84.89 618.04 23.2 34.3
2016-07-02 0 80.23 614.34 24.2 34.6
2016-07-03 0 75.96 637.08 23 34.8
2016-07-04 0.2 77.88 596.52 24.9 35.1
2016-07-05 0 76.66 613.01 23.9 35.2
2016-07-06 0.4 79.05 550.63 23.2 34.2
2016-07-07 0 79.19 584.14 23.8 35.3
2016-07-08 0 73.28 623.31 24.4 34.7
2016-07-09 0 78.92 529.65 24 34.5
2016-07-10 4.1 83.99 481.69 22.9 33.9
2016-07-11 0 80.65 661.33 22.6 34.9
2016-07-12 0 80.94 625.45 24 35.8
2016-07-13 0 82.83 543.65 23.7 34.3
2016-07-14 0 75.98 589.6 23.6 35.1
2016-07-15 0.2 77.8 522.84 21.9 34.6
2016-07-16 4.1 81.49 628.8 22.5 34.7
2016-07-17 2.7 81.07 583.68 22.9 33.9
2016-07-18 18 83.72 603.78 22 35.2
2016-07-19 15.5 92.2 519.5 21.5 32.9
2016-07-20 10.4 89.77 529.81 21.9 32.6
2016-07-21 23.4 92.5 447.92 22.1 32.7
2016-07-22 9.5 90.11 557.18 21.9 33
2016-07-23 0 82.3 640.12 22.3 34.6
2016-07-24 0 82.17 624.31 22.9 33.7
2016-07-25 0.2 80.12 621.62 21.3 34.2
2016-07-26 0.1 83.11 646.09 23.4 34.2
2016-07-27 0.1 80.31 648.82 23.8 34.1
2016-07-28 0.1 81.66 616.52 23.6 34.4
2016-07-29 5.3 87.6 606.9 22.8 34.7
2016-07-30 0.2 83.46 578.59 23.5 33.4
2016-07-31 0.7 82.66 600.41 22.2 34.1
2016-08-01 2.4 88.57 583.92 20.8 33.5
2016-08-02 3.4 84.03 589.23 22 34.4
2016-08-03 17.5 92.85 477.69 22.8 33.8
2016-08-04 104.3 99.89 182.02 22.8 25.8
2016-08-05 32.7 95 353.74 23 32.1
2016-08-06 14.7 93.46 349.5 23.2 31.2
2016-08-07 0 86.06 639.72 24.3 34.4
2016-08-08 0 84.23 590.19 23.8 34.8
2016-08-09 0 82.51 637.87 23 34.2
2016-08-10 0 82.89 323.67 24.2 34.4
2016-08-11 0 79.46 341.64 24.4 34.5
2016-08-12 0 80.53 341.69 24 34.8
2016-08-13 0 84.26 303.73 22.4 34.6
2016-08-14 0 91.17 276.34 22.7 34.5
2016-08-15 0 88.44 319.46 22.8 32.6
2016-08-16 0.6 94.05 434.23 23 31.6
2016-08-17 0.8 92.34 435.24 23.9 32.7
2016-08-18 0 86.99 599.99 23.2 33
2016-08-19 0.1 86.84 539.26 22.9 33.8
2016-08-20 0 84.38 644.07 24.1 34
2016-08-21 0 86.26 553.11 24.5 33.2
2016-08-22 0.1 89.05 475.95 23.8 32.4
2016-08-23 8.5 88.02 571.35 22.9 33.8
2016-08-24 7.2 82.87 596.91 21.2 34.5
2016-08-25 0.1 85.03 648.64 22 33.6
2016-08-26 0 87.29 559.94 23.3 34.5
2016-08-27 10.8 87.61 607.29 22.7 34.5
2016-08-28 2.1 90.36 494.49 22.6 33.5
2016-08-29 0.1 90.88 517.05 24.2 34.4
2016-08-30 0 87.18 552.57 23.2 34
2016-08-31 2.2 87.64 442.53 23.3 33.4
2016-09-01 1.7 91.45 516.89 23.1 34.7
2016-09-02 66.4 89.09 531.32 21.5 32.9
2016-09-03 8 94.44 339.95 21.2 30.2
2016-09-04 78.9 91.88 510.55 22.5 34.2
2016-09-05 0.4 86.71 602.97 22.3 33.1
2016-09-06 0.9 90.77 562.13 23.3 33.4
2016-09-07 35 84.55 643.5 21.8 33.6
2016-09-08 0.2 84.49 645.72 21.5 33.8
2016-09-09 0.1 84.24 586.01 21.1 34.2
2016-09-10 21.2 83.83 609.29 22 35
2016-09-11 21.9 92.09 476.27 21.9 31
2016-09-12 35.4 89.65 584.1 21.9 33.1
2016-09-13 59 86.65 563.6 23.4 33.7
2016-09-14 29.2 94.07 349.15 23 30.9
2016-09-15 7.9 94.41 489.6 23.8 32
2016-09-16 0.5 91.69 509.2 24.1 34.5
2016-09-17 19.8 89.17 543.71 22.6 33.4
2016-09-18 0 83.91 631.28 22.7 33.7
2016-09-19 15.1 87.12 571.1 22 33.5
2016-09-20 32.2 92.88 472 22.4 31.8
2016-09-21 14.2 91.62 525.25 22.3 31.3
2016-09-22 4.4 87.23 586.21 22.7 33.1
2016-09-23 0 91.72 435.81 22.8 31.7
2016-09-24 67.7 89.33 558.63 23.4 32.5
2016-09-25 14.9 93.79 430.54 22.9 31
2016-09-26 28.7 91.6 488.49 23 32.5
2016-09-27 42.2 93.38 434.85 22.2 31.6
2016-09-28 1.1 90.47 495.19 22.7 32.9
2016-09-29 5.7 87.57 613.22 22.4 33.2
2016-09-30 11.2 90.83 547.64 22.6 32.8
2016-10-01 18.9 90.08 509.59 22.7 32.7
2016-10-02 12.4 87.33 624.21 22.2 32.6
2016-10-03 0.1 87.32 585.82 22.7 33.1
2016-10-04 0.2 88.06 591.05 22.5 32.7
2016-10-05 0 86.2 613.65 23 34.6
2016-10-06 0 86.03 606.37 22.2 34.2
2016-10-07 10 90.41 555.86 23.2 32.9
2016-10-08 4.7 91.93 513.3 23.3 32.6
2016-10-09 39.6 89.69 561.42 21 32.3
2016-10-10 48 91.88 467.79 22.8 31.8
2016-10-11 0.1 91.4 537.49 23.1 32.2
2016-10-12 0.7 92.17 392.93 23.1 31.1
2016-10-13 0.1 86.75 527.72 22.8 32.8
2016-10-14 0.4 90.84 411.76 22.7 31.5
2016-10-15 0.7 93.2 363.79 24.1 31.8
2016-10-16 10.6 91.25 526.71 23 32.7
2016-10-17 0.2 90.43 468.59 22.8 32.6
2016-10-18 5.5 89.57 578.38 22.7 32.4
2016-10-19 0 87.84 506.22 23 32.9
2016-10-20 0.2 88.98 523.6 22.4 32.7
2016-10-21 0 89.57 511.56 23.1 32.8
2016-10-22 0.1 86.67 533.08 22.2 31.9
2016-10-23 0 88.99 432.03 21.2 31.1
2016-10-24 9.7 94.83 372.5 22.5 30.8
2016-10-25 0 86.61 514.46 21.9 30.7
2016-10-26 0 86.27 572.36 20.8 31.3
2016-10-27 8.1 90.71 525.61 20.8 30.7
2016-10-28 5 98.52 224.85 20.2 28.1
2016-10-29 2.1 89.75 566.33 19.7 30.2
2016-10-30 0.1 89.9 535.97 21.1 30.7
2016-10-31 0 91 494.8 21.2 31.3
2016-11-01 0 92.25 439.24 22.4 31.8
2016-11-02 10.1 92.69 408.25 22.6 32.3
2016-11-03 2.3 93.95 444.57 22.2 30.1
2016-11-04 14 96.97 304.25 22 29.4
2016-11-05 6.7 94.94 415.97 21.5 30.7
2016-11-06 1.3 95.27 236.45 22.6 28.7
2016-11-07 0.1 88.05 544.91 21.7 30.9
2016-11-08 0.1 89.53 529.05 20.7 31.2
2016-11-09 0 90 459.52 20.8 31
2016-11-10 0 90.69 474.09 20.8 30.8
2016-11-11 0 92.77 471.66 22.4 30.6
2016-11-12 0 93.61 329.24 22.6 30.2
2016-11-13 1 98.96 249.44 21.1 27.2
2016-11-14 0 96.66 292.87 20.8 28.6
2016-11-15 0 96.67 272.22 22.2 29.1
2016-11-16 0 96.05 292.95 20.9 28.6
2016-11-17 0 88.4 481.22 18.6 29.3
2016-11-18 0 89.69 472.9 19.7 29.2
2016-11-19 0 86.76 438.98 19.7 29.4
2016-11-20 0 91.61 394.51 18.6 28.4
2016-11-21 0 87.93 448.63 16.4 28.4
2016-11-22 0 86.05 545.52 17.8 28.4
2016-11-23 0 88.71 483.93 17.1 28.5
2016-11-24 0 95.54 188.54 21.2 25.9
2016-11-25 0 92.31 353.12 21 29.9
2016-11-26 0 96.14 263.33 20.7 27.6
2016-11-27 0 93.4 380.25 21.1 29.5
2016-11-28 0 89.24 508.54 19.3 30.6
2016-11-29 0 92.55 454.56 20.8 31.7
2016-11-30 0 92.53 480.7 22.4 31.9
2016-12-01 0 95.02 473.69 22.1 30.4
2016-12-02 0 93.04 458.12 22.8 30.6
2016-12-03 0 88.12 510.98 22.1 31.3
2016-12-04 0 88.18 498.86 21.7 33.3
2016-12-05 0 91.5 506.04 21.6 32
2016-12-06 0 92.85 422.03 21.2 32.1
2016-12-07 0.4 90.62 426.3 22.5 32.1
2016-12-08 0 87.73 487.13 22.1 32.7
2016-12-09 0 92.03 456.98 20.5 31.6
2016-12-10 0 94.61 316.68 18.9 27.6
2016-12-11 0.6 94.52 315.65 20.3 28.1
2016-12-12 1 90.09 473.41 19.7 30
2016-12-13 0 90.63 525.38 21.6 30.9
2016-12-14 0.7 94.27 378.59 23 30.9
2016-12-15 0 90.94 450.97 21.9 30.5
2016-12-16 0.4 88.55 474.57 21.3 30.4
2016-12-17 0 85.11 553.17 21.7 31.5
2016-12-18 0 86.08 513.26 21.8 32.7
2016-12-19 0.4 94.41 360.48 21.3 29.9
2016-12-20 0.5 96.79 310.19 19.2 26.4
2016-12-21 0.4 90.2 427.65 19.7 29.6
2016-12-22 0.1 89.71 467.66 20.5 28.8
2016-12-23 0 86.93 515.23 19.7 30
2016-12-24 0 89.16 485.26 18.5 30.3
2016-12-25 0 87.1 504.01 20.6 30.3
2016-12-26 0 87.59 513.48 20.8 31.4
2016-12-27 13.5 92.89 420.38 21.1 30.6
2016-12-28 0.1 92.47 444.55 21.3 29.8
2016-12-29 0.1 90.45 408.97 21.2 30.4
2016-12-30 12.1 95.96 321.52 21.1 28
2016-12-31 0 87.59 506.7 19.4 29.4
2017-01-01 0 85.72 529.7 19.6 31.7
2017-01-02 0 85.56 526.79 20.7 33
2017-01-03 0 88.86 495.83 19.4 31.5
2017-01-04 0.3 88.59 430.17 20.8 31.2
2017-01-05 0 88.31 450.4 21.9 31.1
2017-01-06 0 84.96 518.98 20 32.9
2017-01-07 18.5 98.83 160.22 20.6 27.9
2017-01-08 11.6 95.23 171.38 17.6 21.7
2017-01-09 0 84.93 451.28 14.9 24.9
2017-01-10 1.8 87.08 469.58 14.3 26.5
2017-01-11 0 86.53 484.13 18.5 27.8
2017-01-12 0 86.01 482.54 19.6 29.2
2017-01-13 0 86.21 531.91 18.9 29.7
2017-01-14 0.4 94.43 345.96 20.2 27.2
2017-01-15 0 86.53 471.07 20.2 29
2017-01-16 0 83.14 549.2 18.8 30
2017-01-17 0 85 511.97 19.1 31.3
2017-01-18 0.5 82.88 528.92 21.1 32.4
2017-01-19 0 87.58 457.91 19.2 31.4
2017-01-20 0 83.39 528.02 20.2 34
2017-01-21 0 82.89 543.16 20 34.6
2017-01-22 0 82.74 543.16 17.3 33.8
2017-01-23 0 81.96 537.09 17.7 28.5
2017-01-24 0 76.34 584.29 13.6 30.9
2017-01-25 0 75.49 577.48 13.8 33.6
2017-01-26 0 84.6 543.11 17.5 31.2
2017-01-27 0 86.57 402.02 19.6 30.6
2017-01-28 0 86.8 460.65 17.2 30.1
2017-01-29 19.3 98.39 122.75 19.7 24.1
2017-01-30 9.9 96.11 218.59 15.7 22.1
2017-01-31 0 84.82 540.52 14.4 27.2
2017-02-01 0 79.43 585.38 16.4 30.9
2017-02-02 0 85.07 438.8 20.7 31.1
2017-02-03 1.3 83.94 561.79 19.9 31.2
2017-02-04 0 87.17 517.77 20 30.1
2017-02-05 0.3 84.98 457.02 19.2 29.5
2017-02-06 1.2 91.32 377.92 21.5 30.1
2017-02-07 0 83.34 550.12 20 32.2
2017-02-08 0 80.88 600.92 20.3 33.5
2017-02-09 2.5 82.7 583.57 20.7 33.2
2017-02-10 0 85.97 460.97 21.2 31.6
2017-02-11 0 81.57 553.14 20 32
2017-02-12 0 75.55 594.32 19.7 31.8
2017-02-13 0 77.28 592.66 19.8 32.1
2017-02-14 0 79.93 584.53 19.8 33.6
2017-02-15 0 85.04 507.88 19.2 31.9
2017-02-16 0.7 91.73 296.68 22.3 30.7
2017-02-17 0 89.04 293.55 20.7 30
2017-02-18 0 81.92 596.58 20.1 35.1
2017-02-19 0 77.07 565.47 20.8 35.4
2017-02-20 0 80.83 430.64 21.9 33.8
2017-02-21 0.3 89.01 483.41 21 31.5
2017-02-22 0 65.82 646.28 16.3 31.2
2017-02-23 0 61.77 638.29 12.4 33.3
2017-02-24 0 66.77 598.45 13.1 36.3
2017-02-25 0 77.77 543.21 18.4 33.1
2017-02-26 0 76.7 558.04 20.1 34
2017-02-27 0 66.28 633.96 20.9 35.6
2017-02-28 0 69.07 619.6 22 34.4
2017-03-01 0 68.16 566.45 21 34.9
2017-03-02 0.4 73.51 549.59 20.9 35
2017-03-03 0 77.65 578.44 21.5 33.6
2017-03-04 0 78.3 421.86 20.2 31.2
2017-03-05 0 75.06 572.95 20.2 32.8
2017-03-06 0 75.56 540.99 18.9 32.2
2017-03-07 0 73.85 550.75 19.6 33.1
2017-03-08 0 79.04 526.48 21.5 32.8
2017-03-09 0 73.85 653.42 19.6 33.8
2017-03-10 0 72.92 625.12 20 34.3
2017-03-11 0 71.49 621.8 20.5 34.8
2017-03-12 0 79.01 487.02 19.6 34.3
2017-03-13 0 86.93 331.25 22 29.6
2017-03-14 50.7 99.68 126.79 20.7 23.6
2017-03-15 1 90.47 277.59 19.6 26.9
2017-03-16 0 86.56 319.99 18.6 27.4
2017-03-17 0 74.71 634.9 19.7 31
2017-03-18 0 77.42 623.95 17.3 31.6
2017-03-19 0 71.46 607.71 19.1 31.6
2017-03-20 0 76.36 584.9 17 31.3
2017-03-21 0 77.46 614.25 18.6 32.3
2017-03-22 0 74.65 624.57 18.3 32.9
2017-03-23 0 73.14 623.19 18.7 33.1
2017-03-24 0 63.17 665.25 19.1 33.4
2017-03-25 0 64.24 617 20.1 34.3
2017-03-26 0 66.5 644.79 18 35.4
2017-03-27 0 59.39 629.83 20.5 36.2
2017-03-28 0.1 65.83 603.05 21.4 36.3
2017-03-29 0 67.89 634.58 22.8 36.9
2017-03-30 0.7 72.85 579.02 23.5 36.6
2017-03-31 0.2 80.46 467.49 23.6 34
2017-04-01 0 71.68 616.14 20.8 40.3
2017-04-02 0 67.15 570.63 25.1 39.4
2017-04-03 0 67.78 631.83 22.2 38.2
2017-04-04 0 77.18 531.37 21.3 37.6
2017-04-05 0 71.47 552.36 21.7 41
2017-04-06 83.7 98.4 118.8 20.7 28.6
2017-04-07 24.1 98.11 206.92 21.9 28
2017-04-08 0.1 85 506.01 22.9 33.4
2017-04-09 0 77.08 614.98 23.6 35
2017-04-10 0 70.08 670.34 22.8 35.4
2017-04-11 0 67.16 635.78 22.3 34.1
2017-04-12 2.3 79.43 569.16 21.4 33.1
2017-04-13 0.7 79.45 547.14 21.6 33.1
2017-04-14 0 76.07 603.62 21.6 33.6
2017-04-15 0 74.22 650.65 20.6 34
2017-04-16 0 71.37 638.19 21.7 33.9
2017-04-17 0 78.31 565.03 22 34.2
2017-04-18 9.9 81.43 513.03 21.2 32.4
2017-04-19 39.2 90.82 481.38 20.3 31.9
2017-04-20 5.1 90.58 553.46 20.5 30.9
2017-04-21 0.3 82.11 637.42 18.8 32.5
2017-04-22 0 81.75 584.97 22.1 33.6
2017-04-23 0 82.07 572.02 22.2 32.3
2017-04-24 0 82.68 563.48 21 32.1
2017-04-25 0 77.04 596.68 19.3 37
2017-04-26 0 71.15 608.61 23.1 38
2017-04-27 0 80.35 551.79 23.7 36.2
2017-04-28 0 78.49 551.54 23.8 38.3
2017-04-29 0 76.57 554.75 26.4 37.8
2017-04-30 0.1 72.58 582.95 26.2 39.4
2017-05-01 8.6 87.78 545.94 22.4 33.2
2017-05-02 0 82.14 570.54 24.4 35.1
2017-05-03 0 77.43 639.82 23.6 35.8
2017-05-04 18.5 74.84 606.58 22.6 37.8
2017-05-05 2.6 97.17 154.7 20.5 25.7
2017-05-06 0 80.21 608.01 17.9 30.1
2017-05-07 0 76.59 645.42 18.3 33.6
2017-05-08 0 80.09 641.81 19.8 34.4
2017-05-09 0 73.54 561.92 22.8 34.2
2017-05-10 0 76.78 558.85 22.2 35
2017-05-11 0 78.3 480.63 25.3 34.3
2017-05-12 0.8 84.7 434.87 24.6 35.6
2017-05-13 7.5 87.15 488.69 23.6 32.9
2017-05-14 0 84.88 373.41 24.6 33.5
2017-05-15 0 77.25 616.03 23.4 36.8
2017-05-16 0 76.74 609.1 24.1 37.3
2017-05-17 0 72.36 623.93 24.7 37.8
2017-05-18 0 62.31 618.82 25.3 38.5
2017-05-19 0 66.93 649.35 25.5 38.7
2017-05-20 0 66.36 621.12 25.6 38.4
2017-05-21 0 67.91 619.3 25.9 37.3
2017-05-22 0 69.64 632.8 24.9 37.1
2017-05-23 0 66.23 623 25.4 38.7
2017-05-24 0 79.29 433.58 25.7 37.3
2017-05-25 1.8 83.48 436.03 24.1 36.4
2017-05-26 0 68.15 590.8 25.2 37.6
2017-05-27 0 69.4 626.11 25.4 38.7
2017-05-28 0 75.67 349.69 24.3 34
2017-05-29 0 77.4 339.54 25.4 34
2017-05-30 0.9 79.79 389.07 23.1 34.9
2017-05-31 15 87.85 428.26 22.3 34.3
2017-06-01 60.7 93.92 430.92 23.3 33.4
2017-06-02 3.2 94.03 369 23.2 32.5
2017-06-03 26.7 91.71 380.23 23.8 32.7
2017-06-04 3.9 87.47 513.7 23.6 34.4
2017-06-05 0.8 88.46 454.35 24.4 35.7
2017-06-06 0 80.85 599.46 24 37.5
2017-06-07 36.7 82.81 588.88 22.1 36.1
2017-06-08 6.8 92.67 412.82 23.1 33.1
2017-06-09 0.1 81.27 618.88 23.9 34.3
2017-06-10 0 86.59 542.02 24.2 34.2
2017-06-11 1.2 92.86 453.9 24 33.2
2017-06-12 91.8 97.28 284.58 23.1 31
2017-06-13 39.7 95.24 326.41 22.5 31.5
2017-06-14 21.2 96.48 343.75 22.8 31.2
2017-06-15 36.8 95.38 378.77 22.3 32
2017-06-16 1.2 90.41 521.17 22.7 33.8
2017-06-17 0 87.36 592.93 22.9 33.6
2017-06-18 0 88.42 536.55 22.7 33.6
2017-06-19 33.3 93.52 550.54 23.2 33.3
2017-06-20 0 91.55 470.01 24.2 32.2
2017-06-21 0 82.04 637.99 22.3 34.7
2017-06-22 0.7 91.23 512.05 23.6 33.6
2017-06-23 0 83.24 655.1 23.4 35
2017-06-24 2.2 88.96 389.07 22.7 32.2
2017-06-25 0.5 92.17 587.36 23.3 33.6
2017-06-26 0.1 84.61 571.44 24.3 34.3
2017-06-27 0 82.36 588.25 23.7 34.8
2017-06-28 0 81.84 630.73 22.9 34.5
2017-06-29 1 90.52 499.53 24.4 34.7
2017-06-30 0.2 81.57 641.12 24.4 34.3
2017-07-01 0.5 84.35 578.99 23.9 33.5
2017-07-02 5.4 92.97 470.67 22.7 33.9
2017-07-03 0 85.68 623.56 22.8 33.3
2017-07-04 0 81.9 634.5 21.9 33.8
2017-07-05 0.2 86.4 567.8 22.7 33.6
2017-07-06 1.4 88.1 516.69 23.7 32.3
2017-07-07 20.3 93.12 500.9 22.8 32.5
2017-07-08 0.8 90.6 490.74 23.5 32.9
2017-07-09 0.5 87.16 462.96 22.6 33.1
2017-07-10 0.1 84.09 615.81 22.4 33.8
2017-07-11 0 80.66 663.95 23.1 33.8
2017-07-12 0 80.34 603.9 23.8 34.1
2017-07-13 0 80.14 649.03 22.7 34.1
2017-07-14 0 79.36 640.05 22.1 33.4
2017-07-15 2.1 84.49 362.9 22.1 32.1
2017-07-16 0.6 87.39 609.38 23.6 34.2
2017-07-17 0 85.95 438.4 23.5 34.5
2017-07-18 0 84.33 542.2 23.3 33.6
2017-07-19 0.4 89.36 393.81 23.8 33
2017-07-20 3.8 93.11 438.28 22.7 32.7
2017-07-21 0.8 89.46 557.91 22.1 34.1
2017-07-22 0.1 84.86 411.81 23.4 32.9
2017-07-23 0 83.67 603.86 23.3 34.3
2017-07-24 4.1 86.05 638.56 23.3 34.7
2017-07-25 3.9 88.72 463.03 22.4 34.1
2017-07-26 0 84.46 552.38 22.8 33.9
2017-07-27 0 82.62 564.79 21.9 34.6
2017-07-28 0 79.82 635.11 21.1 34.4
2017-07-29 0 80.12 595.72 22.9 35.3
2017-07-30 3.7 82.51 594.82 22.5 35.3
2017-07-31 30 83.57 571.03 22.5 35
2017-08-01 0.2 86.8 574.08 22.7 34.4
2017-08-02 0 82.68 623.22 23.2 34.9
2017-08-03 0 80.79 649.68 23.3 34.6
2017-08-04 0.3 80.22 651.31 23.7 34.6
2017-08-05 0.3 85.26 566.74 22.9 33.9
2017-08-06 0 78.4 660.84 23.2 35.2
2017-08-07 0.3 79.62 605.87 23.3 35.7
2017-08-08 0 88.49 334.97 23 32.5
2017-08-09 0.1 88.64 438.8 23.3 33.3
2017-08-10 51.2 80.76 630.11 23.4 35.6
2017-08-11 15.5 90.28 586.19 22.2 34.1
2017-08-12 0.1 89.91 512.25 21.7 32.1
2017-08-13 1.1 83.94 631.42 22.5 34
2017-08-14 0 82.1 634.46 23.4 34.2
2017-08-15 0 78.23 550.94 24.4 34
2017-08-16 0 79.93 655.55 24 34.9
2017-08-17 0 82.93 599.24 23.5 34.6
2017-08-18 0 80.61 639.96 22.4 34.4
2017-08-19 0 78.94 606.99 21.7 34.9
2017-08-20 2.9 80.51 592.59 23.8 35.5
2017-08-21 0.3 93.23 422.04 23.4 32
2017-08-22 38.9 95.41 402.75 23.7 32.5
2017-08-23 1.1 89.96 498.57 23.3 33.4
2017-08-24 2.5 87.82 515.16 23.4 34.4
2017-08-25 14 89.49 547.19 23.1 34.6
2017-08-26 23.4 90.54 537.54 22 32.8
2017-08-27 16.9 89.91 625.09 22.5 33.9
2017-08-28 0 87.75 615.5 22.7 34
2017-08-29 1.9 84.57 623.19 23.3 35.2
2017-08-30 0.1 89.91 419.74 23 32
2017-08-31 10.6 93.5 404.76 23.2 32.5
2017-09-01 39.8 91.64 473.33 22.5 32.7
2017-09-02 9 94.24 448.72 22.8 31.3
2017-09-03 34.7 97.09 395.81 22.7 30.5
2017-09-04 6.7 90.61 524.1 22.8 33.6
2017-09-05 0 91.26 546.19 23.4 32.9
2017-09-06 0.6 91.76 492.26 24.3 33.3
2017-09-07 0.2 89.52 465.96 22.8 31.7
2017-09-08 7.2 89.94 606.36 23.5 33.4
2017-09-09 0.5 91.45 520.71 23.2 33.3
2017-09-10 9.1 94.89 368.51 23.3 31.8
2017-09-11 11.3 98.47 298.54 22.7 27.2
2017-09-12 0 88.52 417.07 23.7 30
2017-09-13 0.1 88.31 453.39 23.1 32
2017-09-14 2.4 91.91 504.6 23.2 32.8
2017-09-15 0 88.92 479.99 24.8 34.4
2017-09-16 0 89.76 569.48 23.9 35.2
2017-09-17 14.2 85.77 639.66 24 35
2017-09-18 1.6 89.83 561.85 24 33.7
2017-09-19 21.5 92.03 509.88 24.2 32.9
2017-09-20 0.1 91.42 508.2 23.3 33.2
2017-09-21 0 90.39 465.86 24.5 33.8
2017-09-22 21 89.95 627.43 24 33.9
2017-09-23 0 85.43 611.05 23 34.6
2017-09-24 0.8 88.06 636.6 24 34.9
2017-09-25 1.5 93.01 397.89 24.2 32.8
2017-09-26 15.8 92.38 489.69 24.3 33.4
2017-09-27 32.3 92.86 430.64 25 31.7
2017-09-28 0.4 93.68 451.15 23.9 30.8
2017-09-29 0 93.25 406.28 24.8 31.8
2017-09-30 26.9 95.42 471.13 24 31.4
2017-10-01 25.1 98.88 245.88 23.5 30.2
2017-10-02 4 97.65 349.36 23.3 30.3
2017-10-03 11.7 93.54 543.5 22.9 32.2
2017-10-04 1.7 92.02 564.59 24.7 33.3
2017-10-05 10.9 91.96 474.19 21.5 32.9
2017-10-06 0 90.67 579.93 21.3 31.6
2017-10-07 0 87.47 568.94 21.7 33.1
2017-10-08 0 90.5 575.56 22.4 34.9
2017-10-09 6.9 90.92 519.83 23.9 34
2017-10-10 0.7 90.88 513.31 22.4 33.6
2017-10-11 10.8 92.76 490.3 21.4 31.4
2017-10-12 41.9 92.92 527.52 20.9 32
2017-10-13 1.7 93.28 574.09 21.5 32.4
2017-10-14 5.2 94.57 451.15 23.1 31.4
2017-10-15 0.3 93.81 334.32 23.9 31.7
2017-10-16 2.2 97.48 259.8 24 29.9
2017-10-17 0 92.59 533.73 22.9 32.3
2017-10-18 36.5 96 409.54 24 31.3
2017-10-19 13.9 97.84 305.12 23.7 29.5
2017-10-20 0.4 92.43 514.28 24 32.4
2017-10-21 0.3 93.4 413.4 23.1 32.5
2017-10-22 38.5 95.22 401.48 22.7 33.1
2017-10-23 31.7 100 144.83 22 25.6
2017-10-24 20.5 99.7 229.12 21.5 28
2017-10-25 8.6 97.61 214.97 21 27.4
2017-10-26 2.1 92.14 402.37 19.8 27.3
2017-10-27 0 89.44 520.36 18.4 29.4
2017-10-28 0 92.53 350.87 22.3 29.6
2017-10-29 0 92.77 468.02 20.5 29.3
2017-10-30 0 91.1 437.18 21.9 29.3
2017-10-31 0 87.58 540.31 21.1 30.2
2017-11-01 0 85.83 570.43 22.3 31.7
2017-11-02 0 87.67 528.7 22.2 32.2
2017-11-03 1.4 90.11 494.68 22.7 32.2
2017-11-04 1.3 91.52 417.07 21.9 31.6
2017-11-05 0 86.07 523.95 21 31.2
2017-11-06 0 87.2 476.83 20 31.7
2017-11-07 0.1 88.64 552.03 22.2 31.4
2017-11-08 0 88.21 401.85 22.7 31.3
2017-11-09 0 87 568.82 20.7 32
2017-11-10 0 86.64 470.28 20.5 31.9
2017-11-11 0.3 92.76 322.34 20.2 30.2
2017-11-12 57.6 98.72 225.35 21.6 28.7
2017-11-13 7.8 93.36 442.24 21.3 30.1
2017-11-14 2.2 97.96 197.65 20.3 27.7
2017-11-15 0.2 94.36 374.57 21.5 30.2
2017-11-16 0 91.96 443.21 22.2 31
2017-11-17 0.2 92.08 384.45 21.4 29.9
2017-11-18 0 89.39 461.84 20.4 30.4
2017-11-19 0 88.04 509.37 19.4 31
2017-11-20 0 93.46 387.11 19.4 27
2017-11-21 0 89.73 441.34 19.4 29.4
2017-11-22 0 91.07 411.62 18.2 29.7
2017-11-23 3.4 93.33 352.91 19.8 27.9
2017-11-24 1 91.74 383.29 19.2 27.1
2017-11-25 0 90.06 524.16 17.2 28.5
2017-11-26 0 95.76 283.1 17.8 27.3
2017-11-27 0 83.48 541.29 18 29.3
2017-11-28 0 84.43 474.19 17.4 29
2017-11-29 0 88.7 371.39 19.8 28.9
2017-11-30 0 88.72 479.18 18.8 30.1
2017-12-01 0 88.21 346.28 18.9 28.5
2017-12-02 0.5 93.25 268.03 20.5 28.3
2017-12-03 11.4 91.21 449.59 20.4 29.2
2017-12-04 0 87.86 527.55 19.1 29.9
2017-12-05 0 89.09 490.01 20.5 31.2
2017-12-06 0 89.77 455.3 21.4 31.3
2017-12-07 0 90 427.16 21.1 31.5
2017-12-08 4.3 99.94 119.65 19.6 24.8
2017-12-09 26.5 100 133.21 16.9 19.5
2017-12-10 1.3 91.36 426.9 16.9 25.2
2017-12-11 0 90.02 335.93 16.9 25
2017-12-12 0 86.65 480.81 14.8 26.7
2017-12-13 0 84.09 473.17 14.7 27.7
